1:(-3.50, 0.00, 3.00):(0.00000, 0.00000, 0.00000, 1.00000)
1:(-3.50, 0.00, 2.50):(0.00000, 0.00000, 0.00000, 1.00000)
1:(-3.50, 0.00, 2.00):(0.00000, 0.00000, 0.00000, 1.00000)
1:(-3.50, 0.00, 1.50):(0.00000, 0.00000, 0.00000, 1.00000)
1:(-3.50, 0.00, 1.00):(0.00000, 0.00000, 0.00000, 1.00000)
1:(-3.50, 0.00, 0.50):(0.00000, 0.00000, 0.00000, 1.00000)
1:(-3.50, 0.00, 0.00):(0.00000, 0.00000, 0.00000, 1.00000)
1:(-3.50, 0.00, -0.50):(0.00000, 0.00000, 0.00000, 1.00000)
1:(-3.50, 0.00, -1.00):(0.00000, 0.00000, 0.00000, 1.00000)
1:(-3.50, 0.00, -1.50):(0.00000, 0.00000, 0.00000, 1.00000)
1:(-3.50, 0.00, -2.00):(0.00000, 0.00000, 0.00000, 1.00000)
1:(-3.50, 0.00, -2.50):(0.00000, 0.00000, 0.00000, 1.00000)
1:(-3.50, 0.00, -3.00):(0.00000, 0.00000, 0.00000, 1.00000)
1:(-3.50, 0.00, -3.50):(0.00000, 0.00000, 0.00000, 1.00000)
1:(-3.00, 0.00, 3.00):(0.00000, 0.00000, 0.00000, 1.00000)
1:(-3.00, 0.00, 2.50):(0.00000, 0.00000, 0.00000, 1.00000)
1:(-3.00, 0.00, 2.00):(0.00000, 0.00000, 0.00000, 1.00000)
1:(-3.00, 0.00, 1.50):(0.00000, 0.00000, 0.00000, 1.00000)
1:(-3.00, 0.00, 1.00):(0.00000, 0.00000, 0.00000, 1.00000)
1:(-3.00, 0.00, 0.50):(0.00000, 0.00000, 0.00000, 1.00000)
1:(-3.00, 0.00, 0.00):(0.00000, 0.00000, 0.00000, 1.00000)
1:(-3.00, 0.00, -0.50):(0.00000, 0.00000, 0.00000, 1.00000)
1:(-3.00, 0.00, -1.00):(0.00000, 0.00000, 0.00000, 1.00000)
1:(-3.00, 0.00, -1.50):(0.00000, 0.00000, 0.00000, 1.00000)
1:(-3.00, 0.00, -2.00):(0.00000, 0.00000, 0.00000, 1.00000)
1:(-3.00, 0.00, -2.50):(0.00000, 0.00000, 0.00000, 1.00000)
1:(-3.00, 0.00, -3.00):(0.00000, 0.00000, 0.00000, 1.00000)
1:(-3.00, 0.00, -3.50):(0.00000, 0.00000, 0.00000, 1.00000)
1:(-2.50, 0.00, 3.00):(0.00000, 0.00000, 0.00000, 1.00000)
1:(-2.50, 0.00, 2.50):(0.00000, 0.00000, 0.00000, 1.00000)
1:(-2.50, 0.00, 2.00):(0.00000, 0.00000, 0.00000, 1.00000)
1:(-2.50, 0.00, 1.50):(0.00000, 0.00000, 0.00000, 1.00000)
1:(-2.50, 0.00, 1.00):(0.00000, 0.00000, 0.00000, 1.00000)
1:(-2.50, 0.00, 0.50):(0.00000, 0.00000, 0.00000, 1.00000)
1:(-2.50, 0.00, 0.00):(0.00000, 0.00000, 0.00000, 1.00000)
1:(-2.50, 0.00, -0.50):(0.00000, 0.00000, 0.00000, 1.00000)
1:(-2.50, 0.00, -1.00):(0.00000, 0.00000, 0.00000, 1.00000)
1:(-2.50, 0.00, -1.50):(0.00000, 0.00000, 0.00000, 1.00000)
1:(-2.50, 0.00, -2.00):(0.00000, 0.00000, 0.00000, 1.00000)
1:(-2.50, 0.00, -2.50):(0.00000, 0.00000, 0.00000, 1.00000)
1:(-2.50, 0.00, -3.00):(0.00000, 0.00000, 0.00000, 1.00000)
1:(-2.50, 0.00, -3.50):(0.00000, 0.00000, 0.00000, 1.00000)
1:(-2.00, 0.00, 3.00):(0.00000, 0.00000, 0.00000, 1.00000)
1:(-2.00, 0.00, 2.50):(0.00000, 0.00000, 0.00000, 1.00000)
1:(-2.00, 0.00, 2.00):(0.00000, 0.00000, 0.00000, 1.00000)
1:(-2.00, 0.00, 1.50):(0.00000, 0.00000, 0.00000, 1.00000)
1:(-2.00, 0.00, 1.00):(0.00000, 0.00000, 0.00000, 1.00000)
1:(-2.00, 0.00, 0.50):(0.00000, 0.00000, 0.00000, 1.00000)
1:(-2.00, 0.00, 0.00):(0.00000, 0.00000, 0.00000, 1.00000)
1:(-2.00, 0.00, -0.50):(0.00000, 0.00000, 0.00000, 1.00000)
1:(-2.00, 0.00, -1.00):(0.00000, 0.00000, 0.00000, 1.00000)
1:(-2.00, 0.00, -1.50):(0.00000, 0.00000, 0.00000, 1.00000)
1:(-2.00, 0.00, -2.00):(0.00000, 0.00000, 0.00000, 1.00000)
1:(-2.00, 0.00, -2.50):(0.00000, 0.00000, 0.00000, 1.00000)
1:(-2.00, 0.00, -3.00):(0.00000, 0.00000, 0.00000, 1.00000)
1:(-2.00, 0.00, -3.50):(0.00000, 0.00000, 0.00000, 1.00000)
1:(-1.50, 0.00, 3.00):(0.00000, 0.00000, 0.00000, 1.00000)
1:(-1.50, 0.00, 2.50):(0.00000, 0.00000, 0.00000, 1.00000)
1:(-1.50, 0.00, 2.00):(0.00000, 0.00000, 0.00000, 1.00000)
1:(-1.50, 0.00, 1.50):(0.00000, 0.00000, 0.00000, 1.00000)
1:(-1.50, 0.00, 1.00):(0.00000, 0.00000, 0.00000, 1.00000)
1:(-1.50, 0.00, 0.50):(0.00000, 0.00000, 0.00000, 1.00000)
1:(-1.50, 0.00, 0.00):(0.00000, 0.00000, 0.00000, 1.00000)
1:(-1.50, 0.00, -0.50):(0.00000, 0.00000, 0.00000, 1.00000)
1:(-1.50, 0.00, -1.00):(0.00000, 0.00000, 0.00000, 1.00000)
1:(-1.50, 0.00, -1.50):(0.00000, 0.00000, 0.00000, 1.00000)
1:(-1.50, 0.00, -2.00):(0.00000, 0.00000, 0.00000, 1.00000)
1:(-1.50, 0.00, -2.50):(0.00000, 0.00000, 0.00000, 1.00000)
1:(-1.50, 0.00, -3.00):(0.00000, 0.00000, 0.00000, 1.00000)
1:(-1.50, 0.00, -3.50):(0.00000, 0.00000, 0.00000, 1.00000)
1:(-1.00, 0.00, 3.00):(0.00000, 0.00000, 0.00000, 1.00000)
1:(-1.00, 0.00, 2.50):(0.00000, 0.00000, 0.00000, 1.00000)
1:(-1.00, 0.00, 2.00):(0.00000, 0.00000, 0.00000, 1.00000)
1:(-1.00, 0.00, 1.50):(0.00000, 0.00000, 0.00000, 1.00000)
1:(-1.00, 0.00, 1.00):(0.00000, 0.00000, 0.00000, 1.00000)
1:(-1.00, 0.00, 0.50):(0.00000, 0.00000, 0.00000, 1.00000)
1:(-1.00, 0.00, 0.00):(0.00000, 0.00000, 0.00000, 1.00000)
1:(-1.00, 0.00, -0.50):(0.00000, 0.00000, 0.00000, 1.00000)
1:(-1.00, 0.00, -1.00):(0.00000, 0.00000, 0.00000, 1.00000)
1:(-1.00, 0.00, -1.50):(0.00000, 0.00000, 0.00000, 1.00000)
1:(-1.00, 0.00, -2.00):(0.00000, 0.00000, 0.00000, 1.00000)
1:(-1.00, 0.00, -2.50):(0.00000, 0.00000, 0.00000, 1.00000)
1:(-1.00, 0.00, -3.00):(0.00000, 0.00000, 0.00000, 1.00000)
1:(-1.00, 0.00, -3.50):(0.00000, 0.00000, 0.00000, 1.00000)
1:(-0.50, 0.00, 3.00):(0.00000, 0.00000, 0.00000, 1.00000)
1:(-0.50, 0.00, 2.50):(0.00000, 0.00000, 0.00000, 1.00000)
1:(-0.50, 0.00, 2.00):(0.00000, 0.00000, 0.00000, 1.00000)
1:(-0.50, 0.00, 1.50):(0.00000, 0.00000, 0.00000, 1.00000)
1:(-0.50, 0.00, 1.00):(0.00000, 0.00000, 0.00000, 1.00000)
1:(-0.50, 0.00, 0.50):(0.00000, 0.00000, 0.00000, 1.00000)
1:(-0.50, 0.00, 0.00):(0.00000, 0.00000, 0.00000, 1.00000)
1:(-0.50, 0.00, -0.50):(0.00000, 0.00000, 0.00000, 1.00000)
1:(-0.50, 0.00, -1.00):(0.00000, 0.00000, 0.00000, 1.00000)
1:(-0.50, 0.00, -1.50):(0.00000, 0.00000, 0.00000, 1.00000)
1:(-0.50, 0.00, -2.00):(0.00000, 0.00000, 0.00000, 1.00000)
1:(-0.50, 0.00, -2.50):(0.00000, 0.00000, 0.00000, 1.00000)
1:(-0.50, 0.00, -3.00):(0.00000, 0.00000, 0.00000, 1.00000)
1:(-0.50, 0.00, -3.50):(0.00000, 0.00000, 0.00000, 1.00000)
1:(0.00, 0.00, 3.00):(0.00000, 0.00000, 0.00000, 1.00000)
1:(0.00, 0.00, 2.50):(0.00000, 0.00000, 0.00000, 1.00000)
1:(0.00, 0.00, 2.00):(0.00000, 0.00000, 0.00000, 1.00000)
1:(0.00, 0.00, 1.50):(0.00000, 0.00000, 0.00000, 1.00000)
1:(0.00, 0.00, 1.00):(0.00000, 0.00000, 0.00000, 1.00000)
1:(0.00, 0.00, 0.50):(0.00000, 0.00000, 0.00000, 1.00000)
1:(0.00, 0.00, 0.00):(0.00000, 0.00000, 0.00000, 1.00000)
1:(0.00, 0.00, -0.50):(0.00000, 0.00000, 0.00000, 1.00000)
1:(0.00, 0.00, -1.00):(0.00000, 0.00000, 0.00000, 1.00000)
1:(0.00, 0.00, -1.50):(0.00000, 0.00000, 0.00000, 1.00000)
1:(0.00, 0.00, -2.00):(0.00000, 0.00000, 0.00000, 1.00000)
1:(0.00, 0.00, -2.50):(0.00000, 0.00000, 0.00000, 1.00000)
1:(0.00, 0.00, -3.00):(0.00000, 0.00000, 0.00000, 1.00000)
1:(0.00, 0.00, -3.50):(0.00000, 0.00000, 0.00000, 1.00000)
1:(0.50, 0.00, 3.00):(0.00000, 0.00000, 0.00000, 1.00000)
1:(0.50, 0.00, 2.50):(0.00000, 0.00000, 0.00000, 1.00000)
1:(0.50, 0.00, 2.00):(0.00000, 0.00000, 0.00000, 1.00000)
1:(0.50, 0.00, 1.50):(0.00000, 0.00000, 0.00000, 1.00000)
1:(0.50, 0.00, 1.00):(0.00000, 0.00000, 0.00000, 1.00000)
1:(0.50, 0.00, 0.50):(0.00000, 0.00000, 0.00000, 1.00000)
1:(0.50, 0.00, 0.00):(0.00000, 0.00000, 0.00000, 1.00000)
1:(0.50, 0.00, -0.50):(0.00000, 0.00000, 0.00000, 1.00000)
1:(0.50, 0.00, -1.00):(0.00000, 0.00000, 0.00000, 1.00000)
1:(0.50, 0.00, -1.50):(0.00000, 0.00000, 0.00000, 1.00000)
1:(0.50, 0.00, -2.00):(0.00000, 0.00000, 0.00000, 1.00000)
1:(0.50, 0.00, -2.50):(0.00000, 0.00000, 0.00000, 1.00000)
1:(0.50, 0.00, -3.00):(0.00000, 0.00000, 0.00000, 1.00000)
1:(0.50, 0.00, -3.50):(0.00000, 0.00000, 0.00000, 1.00000)
1:(1.00, 0.00, 3.00):(0.00000, 0.00000, 0.00000, 1.00000)
1:(1.00, 0.00, 2.50):(0.00000, 0.00000, 0.00000, 1.00000)
1:(1.00, 0.00, 2.00):(0.00000, 0.00000, 0.00000, 1.00000)
1:(1.00, 0.00, 1.50):(0.00000, 0.00000, 0.00000, 1.00000)
1:(1.00, 0.00, 1.00):(0.00000, 0.00000, 0.00000, 1.00000)
1:(1.00, 0.00, 0.50):(0.00000, 0.00000, 0.00000, 1.00000)
1:(1.00, 0.00, 0.00):(0.00000, 0.00000, 0.00000, 1.00000)
1:(1.00, 0.00, -0.50):(0.00000, 0.00000, 0.00000, 1.00000)
1:(1.00, 0.00, -1.00):(0.00000, 0.00000, 0.00000, 1.00000)
1:(1.00, 0.00, -1.50):(0.00000, 0.00000, 0.00000, 1.00000)
1:(1.00, 0.00, -2.00):(0.00000, 0.00000, 0.00000, 1.00000)
1:(1.00, 0.00, -2.50):(0.00000, 0.00000, 0.00000, 1.00000)
1:(1.00, 0.00, -3.00):(0.00000, 0.00000, 0.00000, 1.00000)
1:(1.00, 0.00, -3.50):(0.00000, 0.00000, 0.00000, 1.00000)
1:(1.50, 0.00, 3.00):(0.00000, 0.00000, 0.00000, 1.00000)
1:(1.50, 0.00, 2.50):(0.00000, 0.00000, 0.00000, 1.00000)
1:(1.50, 0.00, 2.00):(0.00000, 0.00000, 0.00000, 1.00000)
1:(1.50, 0.00, 1.50):(0.00000, 0.00000, 0.00000, 1.00000)
1:(1.50, 0.00, 1.00):(0.00000, 0.00000, 0.00000, 1.00000)
1:(1.50, 0.00, 0.50):(0.00000, 0.00000, 0.00000, 1.00000)
1:(1.50, 0.00, 0.00):(0.00000, 0.00000, 0.00000, 1.00000)
1:(1.50, 0.00, -0.50):(0.00000, 0.00000, 0.00000, 1.00000)
1:(1.50, 0.00, -1.00):(0.00000, 0.00000, 0.00000, 1.00000)
1:(1.50, 0.00, -1.50):(0.00000, 0.00000, 0.00000, 1.00000)
1:(1.50, 0.00, -2.00):(0.00000, 0.00000, 0.00000, 1.00000)
1:(1.50, 0.00, -2.50):(0.00000, 0.00000, 0.00000, 1.00000)
1:(1.50, 0.00, -3.00):(0.00000, 0.00000, 0.00000, 1.00000)
1:(1.50, 0.00, -3.50):(0.00000, 0.00000, 0.00000, 1.00000)
1:(2.00, 0.00, 3.00):(0.00000, 0.00000, 0.00000, 1.00000)
1:(2.00, 0.00, 2.50):(0.00000, 0.00000, 0.00000, 1.00000)
1:(2.00, 0.00, 2.00):(0.00000, 0.00000, 0.00000, 1.00000)
1:(2.00, 0.00, 1.50):(0.00000, 0.00000, 0.00000, 1.00000)
1:(2.00, 0.00, 1.00):(0.00000, 0.00000, 0.00000, 1.00000)
1:(2.00, 0.00, 0.50):(0.00000, 0.00000, 0.00000, 1.00000)
1:(2.00, 0.00, 0.00):(0.00000, 0.00000, 0.00000, 1.00000)
1:(2.00, 0.00, -0.50):(0.00000, 0.00000, 0.00000, 1.00000)
1:(2.00, 0.00, -1.00):(0.00000, 0.00000, 0.00000, 1.00000)
1:(2.00, 0.00, -1.50):(0.00000, 0.00000, 0.00000, 1.00000)
1:(2.00, 0.00, -2.00):(0.00000, 0.00000, 0.00000, 1.00000)
1:(2.00, 0.00, -2.50):(0.00000, 0.00000, 0.00000, 1.00000)
1:(2.00, 0.00, -3.00):(0.00000, 0.00000, 0.00000, 1.00000)
1:(2.00, 0.00, -3.50):(0.00000, 0.00000, 0.00000, 1.00000)
1:(2.50, 0.00, 3.00):(0.00000, 0.00000, 0.00000, 1.00000)
1:(2.50, 0.00, 2.50):(0.00000, 0.00000, 0.00000, 1.00000)
1:(2.50, 0.00, 2.00):(0.00000, 0.00000, 0.00000, 1.00000)
1:(2.50, 0.00, 1.50):(0.00000, 0.00000, 0.00000, 1.00000)
1:(2.50, 0.00, 1.00):(0.00000, 0.00000, 0.00000, 1.00000)
1:(2.50, 0.00, 0.50):(0.00000, 0.00000, 0.00000, 1.00000)
1:(2.50, 0.00, 0.00):(0.00000, 0.00000, 0.00000, 1.00000)
1:(2.50, 0.00, -0.50):(0.00000, 0.00000, 0.00000, 1.00000)
1:(2.50, 0.00, -1.00):(0.00000, 0.00000, 0.00000, 1.00000)
1:(2.50, 0.00, -1.50):(0.00000, 0.00000, 0.00000, 1.00000)
1:(2.50, 0.00, -2.00):(0.00000, 0.00000, 0.00000, 1.00000)
1:(2.50, 0.00, -2.50):(0.00000, 0.00000, 0.00000, 1.00000)
1:(2.50, 0.00, -3.00):(0.00000, 0.00000, 0.00000, 1.00000)
1:(2.50, 0.00, -3.50):(0.00000, 0.00000, 0.00000, 1.00000)
1:(3.00, 0.00, 3.00):(0.00000, 0.00000, 0.00000, 1.00000)
1:(3.00, 0.00, 2.50):(0.00000, 0.00000, 0.00000, 1.00000)
1:(3.00, 0.00, 2.00):(0.00000, 0.00000, 0.00000, 1.00000)
1:(3.00, 0.00, 1.50):(0.00000, 0.00000, 0.00000, 1.00000)
1:(3.00, 0.00, 1.00):(0.00000, 0.00000, 0.00000, 1.00000)
1:(3.00, 0.00, 0.50):(0.00000, 0.00000, 0.00000, 1.00000)
1:(3.00, 0.00, 0.00):(0.00000, 0.00000, 0.00000, 1.00000)
1:(3.00, 0.00, -0.50):(0.00000, 0.00000, 0.00000, 1.00000)
1:(3.00, 0.00, -1.00):(0.00000, 0.00000, 0.00000, 1.00000)
1:(3.00, 0.00, -1.50):(0.00000, 0.00000, 0.00000, 1.00000)
1:(3.00, 0.00, -2.00):(0.00000, 0.00000, 0.00000, 1.00000)
1:(3.00, 0.00, -2.50):(0.00000, 0.00000, 0.00000, 1.00000)
1:(3.00, 0.00, -3.00):(0.00000, 0.00000, 0.00000, 1.00000)
1:(3.00, 0.00, -3.50):(0.00000, 0.00000, 0.00000, 1.00000)
1:(3.50, 0.00, 3.00):(0.00000, 0.00000, 0.00000, 1.00000)
1:(3.50, 0.00, 2.50):(0.00000, 0.00000, 0.00000, 1.00000)
1:(3.50, 0.00, 2.00):(0.00000, 0.00000, 0.00000, 1.00000)
1:(3.50, 0.00, 1.50):(0.00000, 0.00000, 0.00000, 1.00000)
1:(3.50, 0.00, 1.00):(0.00000, 0.00000, 0.00000, 1.00000)
1:(3.50, 0.00, 0.50):(0.00000, 0.00000, 0.00000, 1.00000)
1:(3.50, 0.00, 0.00):(0.00000, 0.00000, 0.00000, 1.00000)
1:(3.50, 0.00, -0.50):(0.00000, 0.00000, 0.00000, 1.00000)
1:(3.50, 0.00, -1.00):(0.00000, 0.00000, 0.00000, 1.00000)
1:(3.50, 0.00, -1.50):(0.00000, 0.00000, 0.00000, 1.00000)
1:(3.50, 0.00, -2.00):(0.00000, 0.00000, 0.00000, 1.00000)
1:(3.50, 0.00, -2.50):(0.00000, 0.00000, 0.00000, 1.00000)
1:(3.50, 0.00, -3.00):(0.00000, 0.00000, 0.00000, 1.00000)
1:(3.50, 0.00, -3.50):(0.00000, 0.00000, 0.00000, 1.00000)
0:(4.00, 0.00, -4.00):(0.00000, -0.70711, 0.00000, 0.70711)
2:(4.00, 0.00, -3.50):(0.00000, -0.70711, 0.00000, 0.70711)
2:(4.00, 0.00, 1.50):(0.00000, -0.70711, 0.00000, 0.70711)
0:(4.00, 0.00, -2.50):(0.00000, -0.70711, 0.00000, 0.70711)
2:(4.00, 0.00, -2.00):(0.00000, 0.70711, 0.00000, -0.70711)
2:(-3.50, 0.00, -2.00):(0.00000, 0.70711, 0.00000, -0.70711)
0:(4.00, 0.00, -1.00):(0.00000, -0.70711, 0.00000, 0.70711)
2:(4.00, 0.00, -0.50):(0.00000, 0.70711, 0.00000, -0.70711)
0:(4.00, 0.00, 0.50):(0.00000, -0.70711, 0.00000, 0.70711)
0:(4.00, 0.00, 1.00):(0.00000, -0.70711, 0.00000, 0.70711)
2:(3.50, 0.00, 3.00):(0.00000, -1.00000, 0.00000, 0.00000)
2:(-3.50, 0.00, -2.50):(0.00000, -0.70711, 0.00000, -0.70711)
0:(4.00, 0.00, 2.50):(0.00000, -0.70711, 0.00000, 0.70711)
0:(4.00, 0.00, 3.00):(0.00000, 1.00000, 0.00000, 0.00000)
2:(-3.50, 0.00, 2.50):(0.00000, -0.70711, 0.00000, -0.70711)
2:(-3.00, 0.00, 3.00):(0.00000, 0.00000, 0.00000, -1.00000)
0:(2.50, 0.00, 3.00):(0.00000, 1.00000, 0.00000, 0.00000)
0:(2.00, 0.00, 3.00):(0.00000, 1.00000, 0.00000, 0.00000)
0:(1.50, 0.00, 3.00):(0.00000, 1.00000, 0.00000, 0.00000)
0:(1.00, 0.00, 3.00):(0.00000, 1.00000, 0.00000, 0.00000)
2:(-0.50, 0.00, 3.00):(0.00000, 0.00000, 0.00000, -1.00000)
2:(-0.50, 0.00, -4.00):(0.00000, 0.00000, 0.00000, -1.00000)
0:(-0.50, 0.00, 3.00):(0.00000, 1.00000, 0.00000, 0.00000)
0:(-1.00, 0.00, 3.00):(0.00000, 1.00000, 0.00000, 0.00000)
0:(-1.50, 0.00, 3.00):(0.00000, 1.00000, 0.00000, 0.00000)
2:(-3.50, 0.00, -0.50):(0.00000, 0.70711, 0.00000, -0.70711)
0:(-3.00, 0.00, 3.00):(0.00000, 1.00000, 0.00000, 0.00000)
0:(-3.50, 0.00, 3.00):(0.00000, 0.70711, 0.00000, 0.70711)
0:(-3.50, 0.00, 1.50):(0.00000, 0.70711, 0.00000, 0.70711)
0:(-3.50, 0.00, 1.00):(0.00000, 0.70711, 0.00000, 0.70711)
0:(-3.50, 0.00, -0.50):(0.00000, 0.70711, 0.00000, 0.70711)
0:(-3.50, 0.00, -2.00):(0.00000, 0.70711, 0.00000, 0.70711)
0:(-3.50, 0.00, -3.50):(0.00000, 0.70711, 0.00000, 0.70711)
0:(-3.50, 0.00, -4.00):(0.00000, 0.00000, 0.00000, 1.00000)
3:(-3.00, 0.00, -4.00):(0.00000, 0.00000, 0.00000, 1.00000)
2:(2.50, 0.00, -4.00):(0.00000, 0.00000, 0.00000, 1.00000)
0:(-2.00, 0.00, -4.00):(0.00000, 0.00000, 0.00000, 1.00000)
0:(-1.50, 0.00, -4.00):(0.00000, 0.00000, 0.00000, 1.00000)
0:(-1.00, 0.00, -4.00):(0.00000, 0.00000, 0.00000, 1.00000)
0:(0.50, 0.00, -4.00):(0.00000, 0.00000, 0.00000, 1.00000)
0:(1.00, 0.00, -4.00):(0.00000, 0.00000, 0.00000, 1.00000)
0:(1.50, 0.00, -4.00):(0.00000, 0.00000, 0.00000, 1.00000)
0:(2.00, 0.00, -4.00):(0.00000, 0.00000, 0.00000, 1.00000)
0:(3.50, 0.00, -4.00):(0.00000, 0.00000, 0.00000, 1.00000)
20:(0.50, 0.00, 2.00):(0.00000, -0.70711, 0.00000, -0.70711)
22:(-2.50, 0.00, 2.50):(0.00000, 0.00000, 0.00000, -1.00000)
22:(-1.50, 0.00, 2.50):(0.00000, 0.00000, 0.00000, -1.00000)
22:(-2.00, 0.00, 2.50):(0.00000, 0.00000, 0.00000, -1.00000)
24:(-3.50, 0.00, 0.50):(0.00000, 0.70711, 0.00000, -0.70711)
25:(2.00, 0.00, 1.50):(0.00000, -0.70711, 0.00000, -0.70711)
25:(2.00, 0.00, 2.00):(0.00000, -0.70711, 0.00000, -0.70711)
25:(2.00, 0.00, 1.00):(0.00000, -0.70711, 0.00000, -0.70711)
25:(0.50, 0.00, 1.50):(0.00000, -0.70711, 0.00000, 0.70711)
25:(0.50, 0.00, 1.00):(0.00000, -0.70711, 0.00000, 0.70711)
25:(0.50, 0.00, 0.50):(0.00000, -0.70711, 0.00000, 0.70711)
14:(1.00, 0.00, 0.00):(0.00000, 1.00000, 0.00000, 0.00000)
14:(1.50, 0.00, 0.00):(0.00000, 1.00000, 0.00000, 0.00000)
14:(2.00, 0.00, 0.00):(0.00000, 1.00000, 0.00000, 0.00000)
14:(0.00, 0.00, -2.00):(0.00000, 1.00000, 0.00000, 0.00000)
14:(3.00, 0.00, -2.00):(0.00000, 1.00000, 0.00000, 0.00000)
14:(3.00, 0.00, -1.00):(0.00000, 1.00000, 0.00000, 0.00000)
14:(0.00, 0.00, -1.00):(0.00000, 1.00000, 0.00000, 0.00000)
14:(0.00, 0.00, 0.00):(0.00000, 1.00000, 0.00000, 0.00000)
14:(2.50, 0.00, 0.00):(0.00000, 1.00000, 0.00000, 0.00000)
14:(0.50, 0.00, 0.00):(0.00000, 1.00000, 0.00000, 0.00000)
14:(0.50, 0.00, -1.00):(0.00000, 1.00000, 0.00000, 0.00000)
14:(1.00, 0.00, -1.00):(0.00000, 1.00000, 0.00000, 0.00000)
14:(1.50, 0.00, -1.00):(0.00000, 1.00000, 0.00000, 0.00000)
14:(2.00, 0.00, -1.00):(0.00000, 1.00000, 0.00000, 0.00000)
14:(2.50, 0.00, -1.00):(0.00000, 1.00000, 0.00000, 0.00000)
14:(2.50, 0.00, -2.00):(0.00000, 1.00000, 0.00000, 0.00000)
14:(2.00, 0.00, -2.00):(0.00000, 1.00000, 0.00000, 0.00000)
14:(1.50, 0.00, -2.00):(0.00000, 1.00000, 0.00000, 0.00000)
14:(1.00, 0.00, -2.00):(0.00000, 1.00000, 0.00000, 0.00000)
14:(0.50, 0.00, -2.00):(0.00000, 1.00000, 0.00000, 0.00000)
6:(0.50, 0.00, -0.50):(0.00000, -1.00000, 0.00000, 0.00000)
6:(1.00, 0.00, -0.50):(0.00000, -1.00000, 0.00000, 0.00000)
6:(1.50, 0.00, -0.50):(0.00000, -1.00000, 0.00000, 0.00000)
6:(2.00, 0.00, -0.50):(0.00000, -1.00000, 0.00000, 0.00000)
6:(2.50, 0.00, -0.50):(0.00000, -1.00000, 0.00000, 0.00000)
6:(2.50, 0.00, -1.50):(0.00000, -1.00000, 0.00000, 0.00000)
6:(2.00, 0.00, -1.50):(0.00000, -1.00000, 0.00000, 0.00000)
6:(1.50, 0.00, -1.50):(0.00000, -1.00000, 0.00000, 0.00000)
6:(0.50, 0.00, -1.50):(0.00000, -1.00000, 0.00000, 0.00000)
6:(2.50, 0.00, -2.50):(0.00000, -1.00000, 0.00000, 0.00000)
6:(2.00, 0.00, -2.50):(0.00000, -1.00000, 0.00000, 0.00000)
6:(1.50, 0.00, -2.50):(0.00000, -1.00000, 0.00000, 0.00000)
6:(1.00, 0.00, -2.50):(0.00000, -1.00000, 0.00000, 0.00000)
6:(0.50, 0.00, -2.50):(0.00000, -1.00000, 0.00000, 0.00000)
14:(3.00, 0.00, 0.00):(0.00000, 1.00000, 0.00000, 0.00000)
6:(0.00, 0.00, -1.50):(0.00000, 1.00000, 0.00000, 0.00000)
6:(0.00, 0.00, -2.50):(0.00000, 1.00000, 0.00000, 0.00000)
6:(0.00, 0.00, -0.50):(0.00000, 1.00000, 0.00000, 0.00000)
6:(3.00, 0.00, -0.50):(0.00000, 1.00000, 0.00000, 0.00000)
6:(3.00, 0.00, -1.50):(0.00000, 1.00000, 0.00000, 0.00000)
6:(3.00, 0.00, -2.50):(0.00000, 1.00000, 0.00000, 0.00000)
6:(1.00, 0.00, -1.50):(0.00000, 1.00000, 0.00000, 0.00000)
21:(0.50, 0.00, 2.50):(0.00000, 0.00000, 0.00000, 1.00000)
23:(-2.50, 0.00, 3.00):(0.00000, 1.00000, 0.00000, 0.00000)
19:(-3.00, 0.00, -1.00):(0.00000, 0.70711, 0.00000, -0.70711)
6:(-3.00, 0.00, 0.00):(0.00000, 0.70711, 0.00000, 0.70711)
6:(-3.00, 0.00, -0.50):(0.00000, 0.70711, 0.00000, 0.70711)
15:(-3.50, 0.00, -1.50):(0.00000, 0.70711, 0.00000, 0.70711)
15:(-3.50, 0.00, -2.50):(0.00000, 0.70711, 0.00000, 0.70711)
18:(-3.00, 0.00, -4.00):(0.00000, -0.70711, 0.00000, 0.70711)
18:(-1.50, 0.00, -3.50):(0.00000, -1.00000, 0.00000, 0.00000)
18:(-1.00, 0.00, -3.50):(0.00000, -1.00000, 0.00000, 0.00000)
18:(-0.50, 0.00, -3.50):(0.00000, -1.00000, 0.00000, 0.00000)
13:(-1.00, 0.00, -2.50):(0.00000, 1.00000, 0.00000, 0.00000)
6:(-1.00, 0.00, -3.00):(0.00000, -1.00000, 0.00000, 0.00000)
17:(2.50, 0.00, 2.50):(0.00000, 0.00000, 0.00000, 1.00000)
