1:(-3.50, 0.00, 3.50):(0.00000, 0.00000, 0.00000, 1.00000)
1:(-3.00, 0.00, 3.50):(0.00000, 0.00000, 0.00000, 1.00000)
1:(-2.50, 0.00, 3.50):(0.00000, 0.00000, 0.00000, 1.00000)
1:(-2.00, 0.00, 3.50):(0.00000, 0.00000, 0.00000, 1.00000)
1:(-1.50, 0.00, 3.50):(0.00000, 0.00000, 0.00000, 1.00000)
1:(-1.00, 0.00, 3.50):(0.00000, 0.00000, 0.00000, 1.00000)
1:(-0.50, 0.00, 3.50):(0.00000, 0.00000, 0.00000, 1.00000)
1:(0.00, 0.00, 3.50):(0.00000, 0.00000, 0.00000, 1.00000)
1:(0.50, 0.00, 3.50):(0.00000, 0.00000, 0.00000, 1.00000)
1:(1.00, 0.00, 3.50):(0.00000, 0.00000, 0.00000, 1.00000)
1:(1.50, 0.00, 3.50):(0.00000, 0.00000, 0.00000, 1.00000)
1:(2.00, 0.00, 3.50):(0.00000, 0.00000, 0.00000, 1.00000)
1:(2.50, 0.00, 3.50):(0.00000, 0.00000, 0.00000, 1.00000)
1:(3.00, 0.00, 3.50):(0.00000, 0.00000, 0.00000, 1.00000)
1:(3.50, 0.00, 3.50):(0.00000, 0.00000, 0.00000, 1.00000)
1:(-4.00, 0.00, 3.50):(0.00000, 0.00000, 0.00000, 1.00000)
1:(-4.00, 0.00, 3.00):(0.00000, 0.00000, 0.00000, 1.00000)
1:(-4.00, 0.00, 2.50):(0.00000, 0.00000, 0.00000, 1.00000)
1:(-4.00, 0.00, 2.00):(0.00000, 0.00000, 0.00000, 1.00000)
1:(-4.00, 0.00, 1.50):(0.00000, 0.00000, 0.00000, 1.00000)
1:(-4.00, 0.00, 1.00):(0.00000, 0.00000, 0.00000, 1.00000)
1:(-4.00, 0.00, 0.50):(0.00000, 0.00000, 0.00000, 1.00000)
1:(-4.00, 0.00, 0.00):(0.00000, 0.00000, 0.00000, 1.00000)
1:(-4.00, 0.00, -0.50):(0.00000, 0.00000, 0.00000, 1.00000)
1:(-4.00, 0.00, -1.00):(0.00000, 0.00000, 0.00000, 1.00000)
1:(-4.00, 0.00, -1.50):(0.00000, 0.00000, 0.00000, 1.00000)
1:(-4.00, 0.00, -2.00):(0.00000, 0.00000, 0.00000, 1.00000)
1:(-4.00, 0.00, -2.50):(0.00000, 0.00000, 0.00000, 1.00000)
1:(-4.00, 0.00, -3.00):(0.00000, 0.00000, 0.00000, 1.00000)
1:(-4.00, 0.00, -3.50):(0.00000, 0.00000, 0.00000, 1.00000)
1:(-4.00, 0.00, -4.00):(0.00000, 0.00000, 0.00000, 1.00000)
1:(-3.50, 0.00, -4.00):(0.00000, 0.00000, 0.00000, 1.00000)
1:(-3.50, 0.00, -3.50):(0.00000, 0.00000, 0.00000, 1.00000)
1:(-3.50, 0.00, -3.00):(0.00000, 0.00000, 0.00000, 1.00000)
1:(-3.50, 0.00, -2.50):(0.00000, 0.00000, 0.00000, 1.00000)
1:(-3.50, 0.00, -2.00):(0.00000, 0.00000, 0.00000, 1.00000)
1:(-3.50, 0.00, -1.50):(0.00000, 0.00000, 0.00000, 1.00000)
1:(-3.50, 0.00, -1.00):(0.00000, 0.00000, 0.00000, 1.00000)
1:(-3.50, 0.00, -0.50):(0.00000, 0.00000, 0.00000, 1.00000)
1:(-3.50, 0.00, 0.00):(0.00000, 0.00000, 0.00000, 1.00000)
1:(-3.50, 0.00, 0.50):(0.00000, 0.00000, 0.00000, 1.00000)
1:(-3.50, 0.00, 1.00):(0.00000, 0.00000, 0.00000, 1.00000)
1:(-3.50, 0.00, 1.50):(0.00000, 0.00000, 0.00000, 1.00000)
1:(-3.50, 0.00, 2.00):(0.00000, 0.00000, 0.00000, 1.00000)
1:(-3.50, 0.00, 2.50):(0.00000, 0.00000, 0.00000, 1.00000)
1:(-3.50, 0.00, 3.00):(0.00000, 0.00000, 0.00000, 1.00000)
1:(-3.00, 0.00, -4.00):(0.00000, 0.00000, 0.00000, 1.00000)
1:(-3.00, 0.00, -3.50):(0.00000, 0.00000, 0.00000, 1.00000)
1:(-3.00, 0.00, -3.00):(0.00000, 0.00000, 0.00000, 1.00000)
1:(-3.00, 0.00, -2.50):(0.00000, 0.00000, 0.00000, 1.00000)
1:(-3.00, 0.00, -2.00):(0.00000, 0.00000, 0.00000, 1.00000)
1:(-3.00, 0.00, -1.50):(0.00000, 0.00000, 0.00000, 1.00000)
1:(-3.00, 0.00, -1.00):(0.00000, 0.00000, 0.00000, 1.00000)
1:(-3.00, 0.00, -0.50):(0.00000, 0.00000, 0.00000, 1.00000)
1:(-3.00, 0.00, 0.00):(0.00000, 0.00000, 0.00000, 1.00000)
1:(-3.00, 0.00, 0.50):(0.00000, 0.00000, 0.00000, 1.00000)
1:(-3.00, 0.00, 1.00):(0.00000, 0.00000, 0.00000, 1.00000)
1:(-3.00, 0.00, 1.50):(0.00000, 0.00000, 0.00000, 1.00000)
1:(-3.00, 0.00, 2.00):(0.00000, 0.00000, 0.00000, 1.00000)
1:(-3.00, 0.00, 2.50):(0.00000, 0.00000, 0.00000, 1.00000)
1:(-3.00, 0.00, 3.00):(0.00000, 0.00000, 0.00000, 1.00000)
1:(-2.50, 0.00, -4.00):(0.00000, 0.00000, 0.00000, 1.00000)
1:(-2.50, 0.00, -3.50):(0.00000, 0.00000, 0.00000, 1.00000)
1:(-2.50, 0.00, -3.00):(0.00000, 0.00000, 0.00000, 1.00000)
1:(-2.50, 0.00, -2.50):(0.00000, 0.00000, 0.00000, 1.00000)
1:(-2.50, 0.00, -2.00):(0.00000, 0.00000, 0.00000, 1.00000)
1:(-2.50, 0.00, -1.50):(0.00000, 0.00000, 0.00000, 1.00000)
1:(-2.50, 0.00, -1.00):(0.00000, 0.00000, 0.00000, 1.00000)
1:(-2.50, 0.00, -0.50):(0.00000, 0.00000, 0.00000, 1.00000)
1:(-2.50, 0.00, 0.00):(0.00000, 0.00000, 0.00000, 1.00000)
1:(-2.50, 0.00, 0.50):(0.00000, 0.00000, 0.00000, 1.00000)
1:(-2.50, 0.00, 1.00):(0.00000, 0.00000, 0.00000, 1.00000)
1:(-2.50, 0.00, 1.50):(0.00000, 0.00000, 0.00000, 1.00000)
1:(-2.50, 0.00, 2.00):(0.00000, 0.00000, 0.00000, 1.00000)
1:(-2.50, 0.00, 2.50):(0.00000, 0.00000, 0.00000, 1.00000)
1:(-2.50, 0.00, 3.00):(0.00000, 0.00000, 0.00000, 1.00000)
1:(-2.00, 0.00, -4.00):(0.00000, 0.00000, 0.00000, 1.00000)
1:(-2.00, 0.00, -3.50):(0.00000, 0.00000, 0.00000, 1.00000)
1:(-2.00, 0.00, -3.00):(0.00000, 0.00000, 0.00000, 1.00000)
1:(-2.00, 0.00, -2.50):(0.00000, 0.00000, 0.00000, 1.00000)
1:(-2.00, 0.00, -2.00):(0.00000, 0.00000, 0.00000, 1.00000)
1:(-2.00, 0.00, -1.50):(0.00000, 0.00000, 0.00000, 1.00000)
1:(-2.00, 0.00, -1.00):(0.00000, 0.00000, 0.00000, 1.00000)
1:(-2.00, 0.00, -0.50):(0.00000, 0.00000, 0.00000, 1.00000)
1:(-2.00, 0.00, 0.00):(0.00000, 0.00000, 0.00000, 1.00000)
1:(-2.00, 0.00, 0.50):(0.00000, 0.00000, 0.00000, 1.00000)
1:(-2.00, 0.00, 1.00):(0.00000, 0.00000, 0.00000, 1.00000)
1:(-2.00, 0.00, 1.50):(0.00000, 0.00000, 0.00000, 1.00000)
1:(-2.00, 0.00, 2.00):(0.00000, 0.00000, 0.00000, 1.00000)
1:(-2.00, 0.00, 2.50):(0.00000, 0.00000, 0.00000, 1.00000)
1:(-2.00, 0.00, 3.00):(0.00000, 0.00000, 0.00000, 1.00000)
1:(-1.50, 0.00, -4.00):(0.00000, 0.00000, 0.00000, 1.00000)
1:(-1.50, 0.00, -3.50):(0.00000, 0.00000, 0.00000, 1.00000)
1:(-1.50, 0.00, -3.00):(0.00000, 0.00000, 0.00000, 1.00000)
1:(-1.50, 0.00, -2.50):(0.00000, 0.00000, 0.00000, 1.00000)
1:(-1.50, 0.00, -2.00):(0.00000, 0.00000, 0.00000, 1.00000)
1:(-1.50, 0.00, -1.50):(0.00000, 0.00000, 0.00000, 1.00000)
1:(-1.50, 0.00, -1.00):(0.00000, 0.00000, 0.00000, 1.00000)
1:(-1.50, 0.00, -0.50):(0.00000, 0.00000, 0.00000, 1.00000)
1:(-1.50, 0.00, 0.00):(0.00000, 0.00000, 0.00000, 1.00000)
1:(-1.50, 0.00, 0.50):(0.00000, 0.00000, 0.00000, 1.00000)
1:(-1.50, 0.00, 1.00):(0.00000, 0.00000, 0.00000, 1.00000)
1:(-1.50, 0.00, 1.50):(0.00000, 0.00000, 0.00000, 1.00000)
1:(-1.50, 0.00, 2.00):(0.00000, 0.00000, 0.00000, 1.00000)
1:(-1.50, 0.00, 2.50):(0.00000, 0.00000, 0.00000, 1.00000)
1:(-1.50, 0.00, 3.00):(0.00000, 0.00000, 0.00000, 1.00000)
1:(-1.00, 0.00, -4.00):(0.00000, 0.00000, 0.00000, 1.00000)
1:(-1.00, 0.00, -3.50):(0.00000, 0.00000, 0.00000, 1.00000)
1:(-1.00, 0.00, -3.00):(0.00000, 0.00000, 0.00000, 1.00000)
1:(-1.00, 0.00, -2.50):(0.00000, 0.00000, 0.00000, 1.00000)
1:(-1.00, 0.00, -2.00):(0.00000, 0.00000, 0.00000, 1.00000)
1:(-1.00, 0.00, -1.50):(0.00000, 0.00000, 0.00000, 1.00000)
1:(-1.00, 0.00, -1.00):(0.00000, 0.00000, 0.00000, 1.00000)
1:(-1.00, 0.00, -0.50):(0.00000, 0.00000, 0.00000, 1.00000)
1:(-1.00, 0.00, 0.00):(0.00000, 0.00000, 0.00000, 1.00000)
1:(-1.00, 0.00, 0.50):(0.00000, 0.00000, 0.00000, 1.00000)
1:(-1.00, 0.00, 1.00):(0.00000, 0.00000, 0.00000, 1.00000)
1:(-1.00, 0.00, 1.50):(0.00000, 0.00000, 0.00000, 1.00000)
1:(-1.00, 0.00, 2.00):(0.00000, 0.00000, 0.00000, 1.00000)
1:(-1.00, 0.00, 2.50):(0.00000, 0.00000, 0.00000, 1.00000)
1:(-1.00, 0.00, 3.00):(0.00000, 0.00000, 0.00000, 1.00000)
1:(-0.50, 0.00, -4.00):(0.00000, 0.00000, 0.00000, 1.00000)
1:(-0.50, 0.00, -3.50):(0.00000, 0.00000, 0.00000, 1.00000)
1:(-0.50, 0.00, -3.00):(0.00000, 0.00000, 0.00000, 1.00000)
1:(-0.50, 0.00, -2.50):(0.00000, 0.00000, 0.00000, 1.00000)
1:(-0.50, 0.00, -2.00):(0.00000, 0.00000, 0.00000, 1.00000)
1:(-0.50, 0.00, -1.50):(0.00000, 0.00000, 0.00000, 1.00000)
1:(-0.50, 0.00, -1.00):(0.00000, 0.00000, 0.00000, 1.00000)
1:(-0.50, 0.00, -0.50):(0.00000, 0.00000, 0.00000, 1.00000)
1:(-0.50, 0.00, 0.00):(0.00000, 0.00000, 0.00000, 1.00000)
1:(-0.50, 0.00, 0.50):(0.00000, 0.00000, 0.00000, 1.00000)
1:(-0.50, 0.00, 1.00):(0.00000, 0.00000, 0.00000, 1.00000)
1:(-0.50, 0.00, 1.50):(0.00000, 0.00000, 0.00000, 1.00000)
1:(-0.50, 0.00, 2.00):(0.00000, 0.00000, 0.00000, 1.00000)
1:(-0.50, 0.00, 2.50):(0.00000, 0.00000, 0.00000, 1.00000)
1:(-0.50, 0.00, 3.00):(0.00000, 0.00000, 0.00000, 1.00000)
1:(0.00, 0.00, -4.00):(0.00000, 0.00000, 0.00000, 1.00000)
1:(0.00, 0.00, -3.50):(0.00000, 0.00000, 0.00000, 1.00000)
1:(0.00, 0.00, -3.00):(0.00000, 0.00000, 0.00000, 1.00000)
1:(0.00, 0.00, -2.50):(0.00000, 0.00000, 0.00000, 1.00000)
1:(0.00, 0.00, -2.00):(0.00000, 0.00000, 0.00000, 1.00000)
1:(0.00, 0.00, -1.50):(0.00000, 0.00000, 0.00000, 1.00000)
1:(0.00, 0.00, -1.00):(0.00000, 0.00000, 0.00000, 1.00000)
1:(0.00, 0.00, -0.50):(0.00000, 0.00000, 0.00000, 1.00000)
1:(0.00, 0.00, 0.00):(0.00000, 0.00000, 0.00000, 1.00000)
1:(0.00, 0.00, 0.50):(0.00000, 0.00000, 0.00000, 1.00000)
1:(0.00, 0.00, 1.00):(0.00000, 0.00000, 0.00000, 1.00000)
1:(0.00, 0.00, 1.50):(0.00000, 0.00000, 0.00000, 1.00000)
1:(0.00, 0.00, 2.00):(0.00000, 0.00000, 0.00000, 1.00000)
1:(0.00, 0.00, 2.50):(0.00000, 0.00000, 0.00000, 1.00000)
1:(0.00, 0.00, 3.00):(0.00000, 0.00000, 0.00000, 1.00000)
1:(0.50, 0.00, -4.00):(0.00000, 0.00000, 0.00000, 1.00000)
1:(0.50, 0.00, -3.50):(0.00000, 0.00000, 0.00000, 1.00000)
1:(0.50, 0.00, -3.00):(0.00000, 0.00000, 0.00000, 1.00000)
1:(0.50, 0.00, -2.50):(0.00000, 0.00000, 0.00000, 1.00000)
1:(0.50, 0.00, -2.00):(0.00000, 0.00000, 0.00000, 1.00000)
1:(0.50, 0.00, -1.50):(0.00000, 0.00000, 0.00000, 1.00000)
1:(0.50, 0.00, -1.00):(0.00000, 0.00000, 0.00000, 1.00000)
1:(0.50, 0.00, -0.50):(0.00000, 0.00000, 0.00000, 1.00000)
1:(0.50, 0.00, 0.00):(0.00000, 0.00000, 0.00000, 1.00000)
1:(0.50, 0.00, 0.50):(0.00000, 0.00000, 0.00000, 1.00000)
1:(0.50, 0.00, 1.00):(0.00000, 0.00000, 0.00000, 1.00000)
1:(0.50, 0.00, 1.50):(0.00000, 0.00000, 0.00000, 1.00000)
1:(0.50, 0.00, 2.00):(0.00000, 0.00000, 0.00000, 1.00000)
1:(0.50, 0.00, 2.50):(0.00000, 0.00000, 0.00000, 1.00000)
1:(0.50, 0.00, 3.00):(0.00000, 0.00000, 0.00000, 1.00000)
1:(1.00, 0.00, -4.00):(0.00000, 0.00000, 0.00000, 1.00000)
1:(1.00, 0.00, -3.50):(0.00000, 0.00000, 0.00000, 1.00000)
1:(1.00, 0.00, -3.00):(0.00000, 0.00000, 0.00000, 1.00000)
1:(1.00, 0.00, -2.50):(0.00000, 0.00000, 0.00000, 1.00000)
1:(1.00, 0.00, -2.00):(0.00000, 0.00000, 0.00000, 1.00000)
1:(1.00, 0.00, -1.50):(0.00000, 0.00000, 0.00000, 1.00000)
1:(1.00, 0.00, -1.00):(0.00000, 0.00000, 0.00000, 1.00000)
1:(1.00, 0.00, -0.50):(0.00000, 0.00000, 0.00000, 1.00000)
1:(1.00, 0.00, 0.00):(0.00000, 0.00000, 0.00000, 1.00000)
1:(1.00, 0.00, 0.50):(0.00000, 0.00000, 0.00000, 1.00000)
1:(1.00, 0.00, 1.00):(0.00000, 0.00000, 0.00000, 1.00000)
1:(1.00, 0.00, 1.50):(0.00000, 0.00000, 0.00000, 1.00000)
1:(1.00, 0.00, 2.00):(0.00000, 0.00000, 0.00000, 1.00000)
1:(1.00, 0.00, 2.50):(0.00000, 0.00000, 0.00000, 1.00000)
1:(1.00, 0.00, 3.00):(0.00000, 0.00000, 0.00000, 1.00000)
1:(1.50, 0.00, -4.00):(0.00000, 0.00000, 0.00000, 1.00000)
1:(1.50, 0.00, -3.50):(0.00000, 0.00000, 0.00000, 1.00000)
1:(1.50, 0.00, -3.00):(0.00000, 0.00000, 0.00000, 1.00000)
1:(1.50, 0.00, -2.50):(0.00000, 0.00000, 0.00000, 1.00000)
1:(1.50, 0.00, -2.00):(0.00000, 0.00000, 0.00000, 1.00000)
1:(1.50, 0.00, -1.50):(0.00000, 0.00000, 0.00000, 1.00000)
1:(1.50, 0.00, -1.00):(0.00000, 0.00000, 0.00000, 1.00000)
1:(1.50, 0.00, -0.50):(0.00000, 0.00000, 0.00000, 1.00000)
1:(1.50, 0.00, 0.00):(0.00000, 0.00000, 0.00000, 1.00000)
1:(1.50, 0.00, 0.50):(0.00000, 0.00000, 0.00000, 1.00000)
1:(1.50, 0.00, 1.00):(0.00000, 0.00000, 0.00000, 1.00000)
1:(1.50, 0.00, 1.50):(0.00000, 0.00000, 0.00000, 1.00000)
1:(1.50, 0.00, 2.00):(0.00000, 0.00000, 0.00000, 1.00000)
1:(1.50, 0.00, 2.50):(0.00000, 0.00000, 0.00000, 1.00000)
1:(1.50, 0.00, 3.00):(0.00000, 0.00000, 0.00000, 1.00000)
1:(2.00, 0.00, -4.00):(0.00000, 0.00000, 0.00000, 1.00000)
1:(2.00, 0.00, -3.50):(0.00000, 0.00000, 0.00000, 1.00000)
1:(2.00, 0.00, -3.00):(0.00000, 0.00000, 0.00000, 1.00000)
1:(2.00, 0.00, -2.50):(0.00000, 0.00000, 0.00000, 1.00000)
1:(2.00, 0.00, -2.00):(0.00000, 0.00000, 0.00000, 1.00000)
1:(2.00, 0.00, -1.50):(0.00000, 0.00000, 0.00000, 1.00000)
1:(2.00, 0.00, -1.00):(0.00000, 0.00000, 0.00000, 1.00000)
1:(2.00, 0.00, -0.50):(0.00000, 0.00000, 0.00000, 1.00000)
1:(2.00, 0.00, 0.00):(0.00000, 0.00000, 0.00000, 1.00000)
1:(2.00, 0.00, 0.50):(0.00000, 0.00000, 0.00000, 1.00000)
1:(2.00, 0.00, 1.00):(0.00000, 0.00000, 0.00000, 1.00000)
1:(2.00, 0.00, 1.50):(0.00000, 0.00000, 0.00000, 1.00000)
1:(2.00, 0.00, 2.00):(0.00000, 0.00000, 0.00000, 1.00000)
1:(2.00, 0.00, 2.50):(0.00000, 0.00000, 0.00000, 1.00000)
1:(2.00, 0.00, 3.00):(0.00000, 0.00000, 0.00000, 1.00000)
1:(2.50, 0.00, -4.00):(0.00000, 0.00000, 0.00000, 1.00000)
1:(2.50, 0.00, -3.50):(0.00000, 0.00000, 0.00000, 1.00000)
1:(2.50, 0.00, -3.00):(0.00000, 0.00000, 0.00000, 1.00000)
1:(2.50, 0.00, -2.50):(0.00000, 0.00000, 0.00000, 1.00000)
1:(2.50, 0.00, -2.00):(0.00000, 0.00000, 0.00000, 1.00000)
1:(2.50, 0.00, -1.50):(0.00000, 0.00000, 0.00000, 1.00000)
1:(2.50, 0.00, -1.00):(0.00000, 0.00000, 0.00000, 1.00000)
1:(2.50, 0.00, -0.50):(0.00000, 0.00000, 0.00000, 1.00000)
1:(2.50, 0.00, 0.00):(0.00000, 0.00000, 0.00000, 1.00000)
1:(2.50, 0.00, 0.50):(0.00000, 0.00000, 0.00000, 1.00000)
1:(2.50, 0.00, 1.00):(0.00000, 0.00000, 0.00000, 1.00000)
1:(2.50, 0.00, 1.50):(0.00000, 0.00000, 0.00000, 1.00000)
1:(2.50, 0.00, 2.00):(0.00000, 0.00000, 0.00000, 1.00000)
1:(2.50, 0.00, 2.50):(0.00000, 0.00000, 0.00000, 1.00000)
1:(2.50, 0.00, 3.00):(0.00000, 0.00000, 0.00000, 1.00000)
1:(3.00, 0.00, -4.00):(0.00000, 0.00000, 0.00000, 1.00000)
1:(3.00, 0.00, -3.50):(0.00000, 0.00000, 0.00000, 1.00000)
1:(3.00, 0.00, -3.00):(0.00000, 0.00000, 0.00000, 1.00000)
1:(3.00, 0.00, -2.50):(0.00000, 0.00000, 0.00000, 1.00000)
1:(3.00, 0.00, -2.00):(0.00000, 0.00000, 0.00000, 1.00000)
1:(3.00, 0.00, -1.50):(0.00000, 0.00000, 0.00000, 1.00000)
1:(3.00, 0.00, -1.00):(0.00000, 0.00000, 0.00000, 1.00000)
1:(3.00, 0.00, -0.50):(0.00000, 0.00000, 0.00000, 1.00000)
1:(3.00, 0.00, 0.00):(0.00000, 0.00000, 0.00000, 1.00000)
1:(3.00, 0.00, 0.50):(0.00000, 0.00000, 0.00000, 1.00000)
1:(3.00, 0.00, 1.00):(0.00000, 0.00000, 0.00000, 1.00000)
1:(3.00, 0.00, 1.50):(0.00000, 0.00000, 0.00000, 1.00000)
1:(3.00, 0.00, 2.00):(0.00000, 0.00000, 0.00000, 1.00000)
1:(3.00, 0.00, 2.50):(0.00000, 0.00000, 0.00000, 1.00000)
1:(3.00, 0.00, 3.00):(0.00000, 0.00000, 0.00000, 1.00000)
1:(3.50, 0.00, -4.00):(0.00000, 0.00000, 0.00000, 1.00000)
1:(3.50, 0.00, -3.50):(0.00000, 0.00000, 0.00000, 1.00000)
1:(3.50, 0.00, -3.00):(0.00000, 0.00000, 0.00000, 1.00000)
1:(3.50, 0.00, -2.50):(0.00000, 0.00000, 0.00000, 1.00000)
1:(3.50, 0.00, -2.00):(0.00000, 0.00000, 0.00000, 1.00000)
1:(3.50, 0.00, -1.50):(0.00000, 0.00000, 0.00000, 1.00000)
1:(3.50, 0.00, -1.00):(0.00000, 0.00000, 0.00000, 1.00000)
1:(3.50, 0.00, -0.50):(0.00000, 0.00000, 0.00000, 1.00000)
1:(3.50, 0.00, 0.00):(0.00000, 0.00000, 0.00000, 1.00000)
1:(3.50, 0.00, 0.50):(0.00000, 0.00000, 0.00000, 1.00000)
1:(3.50, 0.00, 1.00):(0.00000, 0.00000, 0.00000, 1.00000)
1:(3.50, 0.00, 1.50):(0.00000, 0.00000, 0.00000, 1.00000)
1:(3.50, 0.00, 2.00):(0.00000, 0.00000, 0.00000, 1.00000)
1:(3.50, 0.00, 2.50):(0.00000, 0.00000, 0.00000, 1.00000)
1:(3.50, 0.00, 3.00):(0.00000, 0.00000, 0.00000, 1.00000)
3:(4.00, 0.00, 3.50):(0.00000, 1.00000, 0.00000, 0.00000)
0:(2.50, 0.00, 3.50):(0.00000, 0.00000, 0.00000, 1.00000)
2:(-4.00, 0.00, 3.50):(0.00000, 0.00000, 0.00000, 1.00000)
0:(2.50, 0.00, 3.50):(0.00000, 1.00000, 0.00000, 0.00000)
0:(2.00, 0.00, 3.50):(0.00000, 1.00000, 0.00000, 0.00000)
0:(1.50, 0.00, 3.50):(0.00000, 1.00000, 0.00000, 0.00000)
0:(1.00, 0.00, 3.50):(0.00000, 1.00000, 0.00000, 0.00000)
2:(-0.50, 0.00, 3.50):(0.00000, 0.00000, 0.00000, 1.00000)
2:(3.00, 0.00, -4.50):(0.00000, 0.00000, 0.00000, 1.00000)
0:(-0.50, 0.00, 3.50):(0.00000, 1.00000, 0.00000, 0.00000)
0:(-1.00, 0.00, 3.50):(0.00000, 1.00000, 0.00000, 0.00000)
0:(-1.50, 0.00, 3.50):(0.00000, 1.00000, 0.00000, 0.00000)
0:(-2.00, 0.00, 3.50):(0.00000, 1.00000, 0.00000, 0.00000)
0:(-2.50, 0.00, 3.50):(0.00000, 1.00000, 0.00000, 0.00000)
2:(4.00, 0.00, -4.50):(0.00000, -0.70711, 0.00000, 0.70711)
2:(4.00, 0.00, 2.50):(0.00000, -0.70711, 0.00000, 0.70711)
0:(-4.00, 0.00, 3.50):(0.00000, 0.70711, 0.00000, 0.70711)
0:(-4.00, 0.00, 3.00):(0.00000, 0.70711, 0.00000, 0.70711)
0:(-4.00, 0.00, 2.50):(0.00000, 0.70711, 0.00000, 0.70711)
0:(-4.00, 0.00, 2.00):(0.00000, 0.70711, 0.00000, 0.70711)
0:(-4.00, 0.00, 1.50):(0.00000, 0.70711, 0.00000, 0.70711)
2:(-4.00, 0.00, 0.00):(0.00000, -0.70711, 0.00000, 0.70711)
2:(-3.00, 0.00, -4.50):(0.00000, -1.00000, 0.00000, 0.00000)
0:(-4.00, 0.00, 0.00):(0.00000, 0.70711, 0.00000, 0.70711)
0:(-4.00, 0.00, -0.50):(0.00000, 0.70711, 0.00000, 0.70711)
0:(-4.00, 0.00, -1.00):(0.00000, 0.70711, 0.00000, 0.70711)
2:(-4.00, 0.00, -2.50):(0.00000, -0.70711, 0.00000, 0.70711)
2:(4.00, 0.00, -1.00):(0.00000, -0.70711, 0.00000, 0.70711)
0:(-4.00, 0.00, -2.50):(0.00000, 0.70711, 0.00000, 0.70711)
0:(-4.00, 0.00, -3.00):(0.00000, 0.70711, 0.00000, 0.70711)
0:(-4.00, 0.00, -3.50):(0.00000, 0.70711, 0.00000, 0.70711)
0:(-4.00, 0.00, -4.00):(0.00000, 0.70711, 0.00000, 0.70711)
0:(-3.00, 0.00, -4.50):(0.00000, 0.00000, 0.00000, 1.00000)
0:(-2.50, 0.00, -4.50):(0.00000, 0.00000, 0.00000, 1.00000)
0:(-2.00, 0.00, -4.50):(0.00000, 0.00000, 0.00000, 1.00000)
0:(-1.50, 0.00, -4.50):(0.00000, 0.00000, 0.00000, 1.00000)
0:(-1.00, 0.00, -4.50):(0.00000, 0.00000, 0.00000, 1.00000)
0:(-0.50, 0.00, -4.50):(0.00000, 0.00000, 0.00000, 1.00000)
0:(0.00, 0.00, -4.50):(0.00000, 0.00000, 0.00000, 1.00000)
0:(0.50, 0.00, -4.50):(0.00000, 0.00000, 0.00000, 1.00000)
0:(1.00, 0.00, -4.50):(0.00000, 0.00000, 0.00000, 1.00000)
0:(1.50, 0.00, -4.50):(0.00000, 0.00000, 0.00000, 1.00000)
0:(2.00, 0.00, -4.50):(0.00000, 0.00000, 0.00000, 1.00000)
0:(2.50, 0.00, -4.50):(0.00000, 0.00000, 0.00000, 1.00000)
0:(4.00, 0.00, -3.50):(0.00000, -0.70711, 0.00000, 0.70711)
0:(4.00, 0.00, -3.00):(0.00000, -0.70711, 0.00000, 0.70711)
0:(4.00, 0.00, -2.50):(0.00000, -0.70711, 0.00000, 0.70711)
0:(4.00, 0.00, -2.00):(0.00000, -0.70711, 0.00000, 0.70711)
0:(4.00, 0.00, -1.50):(0.00000, -0.70711, 0.00000, 0.70711)
0:(4.00, 0.00, 0.00):(0.00000, -0.70711, 0.00000, 0.70711)
0:(4.00, 0.00, 0.50):(0.00000, -0.70711, 0.00000, 0.70711)
0:(4.00, 0.00, 1.00):(0.00000, -0.70711, 0.00000, 0.70711)
0:(4.00, 0.00, 1.50):(0.00000, -0.70711, 0.00000, 0.70711)
0:(4.00, 0.00, 2.00):(0.00000, -0.70711, 0.00000, 0.70711)
99:(3.65, 0.03, 2.59):(0.14316, 0.10172, -0.01479, 0.98435)
18:(2.00, 0.00, 3.00):(0.00000, 0.00000, 0.00000, 1.00000)
18:(1.50, 0.00, 3.00):(0.00000, 0.00000, 0.00000, 1.00000)
15:(1.50, 0.00, 3.50):(0.00000, 1.00000, 0.00000, 0.00000)
26:(2.50, 0.00, 3.00):(0.00000, 0.00000, 0.00000, 1.00000)
21:(-2.50, 0.00, 3.00):(0.00000, 0.00000, 0.00000, 1.00000)
13:(0.00, 0.00, 2.50):(0.00000, 0.70711, 0.00000, -0.70711)
13:(-1.50, 0.00, 2.00):(0.00000, 0.00000, 0.00000, 1.00000)
6:(-1.50, 0.00, 2.00):(0.00000, -1.00000, 0.00000, 0.00000)
6:(-1.00, 0.00, 2.00):(0.00000, -1.00000, 0.00000, 0.00000)
6:(-0.50, 0.00, 2.00):(0.00000, -1.00000, 0.00000, 0.00000)
6:(0.00, 0.00, 2.00):(0.00000, -1.00000, 0.00000, 0.00000)
6:(0.00, 0.00, 2.50):(0.00000, -0.70711, 0.00000, -0.70711)
6:(0.00, 0.00, 3.00):(0.00000, -0.70711, 0.00000, -0.70711)
6:(-1.50, 0.00, 2.50):(0.00000, 0.00000, 0.00000, 1.00000)
19:(-3.50, 0.00, 2.50):(0.00000, 0.70711, 0.00000, -0.70711)
19:(-3.50, 0.00, 1.50):(0.00000, 0.70711, 0.00000, -0.70711)
6:(-3.50, 0.00, 3.50):(0.00000, -0.70711, 0.00000, -0.70711)
6:(-3.50, 0.00, 3.00):(0.00000, -0.70711, 0.00000, -0.70711)
6:(-3.50, 0.00, 2.50):(0.00000, -0.70711, 0.00000, -0.70711)
6:(-3.50, 0.00, 2.00):(0.00000, -0.70711, 0.00000, -0.70711)
21:(3.50, 0.00, -1.50):(0.00000, 0.70711, 0.00000, 0.70711)
21:(3.50, 0.00, 1.50):(0.00000, 0.70711, 0.00000, 0.70711)
15:(4.00, 0.00, -4.50):(0.00000, 0.70711, 0.00000, -0.70711)
6:(3.00, 0.00, -3.50):(0.00000, 1.00000, 0.00000, 0.00000)
13:(3.00, 0.00, -3.00):(0.00000, 1.00000, 0.00000, 0.00000)
17:(-0.50, 0.00, -4.50):(0.00000, 0.00000, 0.00000, 1.00000)
15:(-4.00, 0.00, -4.50):(0.00000, 0.00000, 0.00000, 1.00000)
15:(-3.00, 0.00, -4.50):(0.00000, 0.00000, 0.00000, 1.00000)
15:(-4.00, 0.00, -2.50):(0.00000, 0.70711, 0.00000, 0.70711)
20:(-3.50, 0.00, -4.00):(0.00000, 0.00000, 0.00000, 1.00000)
25:(-3.00, 0.00, -3.00):(0.00000, 0.00000, 0.00000, 1.00000)
25:(-2.50, 0.00, -3.00):(0.00000, -0.70711, 0.00000, -0.70711)
25:(-3.50, 0.00, -4.00):(0.00000, 0.70711, 0.00000, -0.70711)
24:(-2.00, 0.00, -5.00):(0.00000, 0.00000, 0.00000, 1.00000)
29:(1.00, 0.00, -4.50):(0.00000, -1.00000, 0.00000, 0.00000)
32:(-1.00, 0.00, -4.50):(0.00000, 0.00000, 0.00000, 1.00000)
32:(0.50, 0.00, -4.50):(0.00000, 0.00000, 0.00000, 1.00000)
28:(-4.00, 0.00, -1.00):(0.00000, -0.70711, 0.00000, 0.70711)
30:(-3.50, 0.00, -4.00):(0.00000, 0.70711, 0.00000, -0.70711)
30:(2.50, 0.00, -4.00):(0.00000, 1.00000, 0.00000, 0.00000)
20:(0.00, 0.00, -4.00):(0.00000, 0.00000, 0.00000, 1.00000)
20:(-1.50, 0.00, -4.00):(0.00000, 0.00000, 0.00000, 1.00000)
20:(-1.00, 0.00, -2.00):(0.00000, 0.00000, 0.00000, 1.00000)
6:(1.50, 0.00, -2.00):(0.00000, -0.70711, 0.00000, 0.70711)
6:(1.50, 0.00, -1.50):(0.00000, -0.70711, 0.00000, 0.70711)
6:(1.50, 0.00, -1.00):(0.00000, -0.70711, 0.00000, 0.70711)
6:(1.50, 0.00, 0.00):(0.00000, -0.70711, 0.00000, 0.70711)
6:(1.50, 0.00, 0.50):(0.00000, -0.70711, 0.00000, 0.70711)
6:(2.50, 0.00, -1.50):(0.00000, -0.70711, 0.00000, -0.70711)
6:(2.50, 0.00, -1.00):(0.00000, -0.70711, 0.00000, -0.70711)
6:(2.50, 0.00, -0.50):(0.00000, -0.70711, 0.00000, -0.70711)
6:(2.50, 0.00, 0.50):(0.00000, -0.70711, 0.00000, -0.70711)
6:(2.50, 0.00, 1.00):(0.00000, -0.70711, 0.00000, -0.70711)
6:(0.50, 0.00, 0.50):(0.00000, -0.70711, 0.00000, -0.70711)
6:(0.50, 0.00, 1.00):(0.00000, -0.70711, 0.00000, -0.70711)
6:(-0.50, 0.00, 0.00):(0.00000, 0.70711, 0.00000, -0.70711)
6:(-0.50, 0.00, 0.50):(0.00000, 0.70711, 0.00000, -0.70711)
6:(-1.50, 0.00, 0.50):(0.00000, 0.70711, 0.00000, 0.70711)
6:(-1.50, 0.00, 1.00):(0.00000, 0.70711, 0.00000, 0.70711)
6:(-2.50, 0.00, 0.00):(0.00000, -0.70711, 0.00000, 0.70711)
6:(-2.50, 0.00, 0.50):(0.00000, -0.70711, 0.00000, 0.70711)
6:(-1.50, 0.00, -1.50):(0.00000, -0.70711, 0.00000, -0.70711)
6:(-1.50, 0.00, -1.00):(0.00000, -0.70711, 0.00000, -0.70711)
6:(-1.50, 0.00, -0.50):(0.00000, -0.70711, 0.00000, -0.70711)
14:(-2.00, 0.00, -1.00):(0.00000, 0.70711, 0.00000, -0.70711)
14:(-2.00, 0.00, -1.50):(0.00000, 0.70711, 0.00000, -0.70711)
14:(-2.00, 0.00, -2.00):(0.00000, 0.70711, 0.00000, -0.70711)
14:(2.00, 0.00, -1.00):(0.00000, 0.70711, 0.00000, -0.70711)
14:(2.00, 0.00, -1.50):(0.00000, 0.70711, 0.00000, -0.70711)
14:(2.00, 0.00, -2.00):(0.00000, 0.70711, 0.00000, -0.70711)
14:(2.00, 0.00, 0.00):(0.00000, 0.70711, 0.00000, -0.70711)
14:(2.00, 0.00, 0.50):(0.00000, 0.70711, 0.00000, -0.70711)
14:(0.00, 0.00, 0.50):(0.00000, 0.70711, 0.00000, -0.70711)
14:(0.00, 0.00, 0.00):(0.00000, 0.70711, 0.00000, -0.70711)
14:(-2.00, 0.00, 0.50):(0.00000, 0.70711, 0.00000, -0.70711)
14:(-2.00, 0.00, 0.00):(0.00000, 0.70711, 0.00000, -0.70711)
14:(-2.00, 0.00, -1.50):(0.00000, 0.70711, 0.00000, 0.70711)
14:(-2.00, 0.00, -1.00):(0.00000, 0.70711, 0.00000, 0.70711)
14:(-2.00, 0.00, -0.50):(0.00000, 0.70711, 0.00000, 0.70711)
14:(-2.00, 0.00, 0.50):(0.00000, 0.70711, 0.00000, 0.70711)
14:(-2.00, 0.00, 1.00):(0.00000, 0.70711, 0.00000, 0.70711)
14:(0.00, 0.00, 0.50):(0.00000, 0.70711, 0.00000, 0.70711)
14:(0.00, 0.00, 1.00):(0.00000, 0.70711, 0.00000, 0.70711)
14:(2.00, 0.00, -1.50):(0.00000, 0.70711, 0.00000, 0.70711)
14:(2.00, 0.00, -1.00):(0.00000, 0.70711, 0.00000, 0.70711)
14:(2.00, 0.00, -0.50):(0.00000, 0.70711, 0.00000, 0.70711)
14:(2.00, 0.00, 0.50):(0.00000, 0.70711, 0.00000, 0.70711)
14:(2.00, 0.00, 1.00):(0.00000, 0.70711, 0.00000, 0.70711)
6:(-2.50, 0.00, -2.00):(0.00000, -0.70711, 0.00000, 0.70711)
6:(-2.50, 0.00, -1.50):(0.00000, -0.70711, 0.00000, 0.70711)
6:(-2.50, 0.00, -1.00):(0.00000, -0.70711, 0.00000, 0.70711)
