1:(-3.50, 0.00, 3.50):(0.00000, 0.00000, 0.00000, 1.00000)
1:(-3.00, 0.00, 3.50):(0.00000, 0.00000, 0.00000, 1.00000)
1:(-2.50, 0.00, 3.50):(0.00000, 0.00000, 0.00000, 1.00000)
1:(-2.00, 0.00, 3.50):(0.00000, 0.00000, 0.00000, 1.00000)
1:(-1.50, 0.00, 3.50):(0.00000, 0.00000, 0.00000, 1.00000)
1:(-1.00, 0.00, 3.50):(0.00000, 0.00000, 0.00000, 1.00000)
1:(-0.50, 0.00, 3.50):(0.00000, 0.00000, 0.00000, 1.00000)
1:(0.00, 0.00, 3.50):(0.00000, 0.00000, 0.00000, 1.00000)
1:(0.50, 0.00, 3.50):(0.00000, 0.00000, 0.00000, 1.00000)
1:(1.00, 0.00, 3.50):(0.00000, 0.00000, 0.00000, 1.00000)
1:(1.50, 0.00, 3.50):(0.00000, 0.00000, 0.00000, 1.00000)
1:(2.00, 0.00, 3.50):(0.00000, 0.00000, 0.00000, 1.00000)
1:(2.50, 0.00, 3.50):(0.00000, 0.00000, 0.00000, 1.00000)
1:(3.00, 0.00, 3.50):(0.00000, 0.00000, 0.00000, 1.00000)
1:(3.50, 0.00, 3.50):(0.00000, 0.00000, 0.00000, 1.00000)
1:(-4.00, 0.00, 3.50):(0.00000, 0.00000, 0.00000, 1.00000)
1:(-4.00, 0.00, 3.00):(0.00000, 0.00000, 0.00000, 1.00000)
1:(-4.00, 0.00, 2.50):(0.00000, 0.00000, 0.00000, 1.00000)
1:(-4.00, 0.00, 2.00):(0.00000, 0.00000, 0.00000, 1.00000)
1:(-4.00, 0.00, 1.50):(0.00000, 0.00000, 0.00000, 1.00000)
1:(-4.00, 0.00, 1.00):(0.00000, 0.00000, 0.00000, 1.00000)
1:(-4.00, 0.00, 0.50):(0.00000, 0.00000, 0.00000, 1.00000)
1:(-4.00, 0.00, 0.00):(0.00000, 0.00000, 0.00000, 1.00000)
1:(-4.00, 0.00, -0.50):(0.00000, 0.00000, 0.00000, 1.00000)
1:(-4.00, 0.00, -1.00):(0.00000, 0.00000, 0.00000, 1.00000)
1:(-4.00, 0.00, -1.50):(0.00000, 0.00000, 0.00000, 1.00000)
1:(-4.00, 0.00, -2.00):(0.00000, 0.00000, 0.00000, 1.00000)
1:(-4.00, 0.00, -2.50):(0.00000, 0.00000, 0.00000, 1.00000)
1:(-4.00, 0.00, -3.00):(0.00000, 0.00000, 0.00000, 1.00000)
1:(-4.00, 0.00, -3.50):(0.00000, 0.00000, 0.00000, 1.00000)
1:(-4.00, 0.00, -4.00):(0.00000, 0.00000, 0.00000, 1.00000)
1:(-3.50, 0.00, -4.00):(0.00000, 0.00000, 0.00000, 1.00000)
1:(-3.50, 0.00, -3.50):(0.00000, 0.00000, 0.00000, 1.00000)
1:(-3.50, 0.00, -3.00):(0.00000, 0.00000, 0.00000, 1.00000)
1:(-3.50, 0.00, -2.50):(0.00000, 0.00000, 0.00000, 1.00000)
1:(-3.50, 0.00, -2.00):(0.00000, 0.00000, 0.00000, 1.00000)
1:(-3.50, 0.00, -1.50):(0.00000, 0.00000, 0.00000, 1.00000)
1:(-3.50, 0.00, -1.00):(0.00000, 0.00000, 0.00000, 1.00000)
1:(-3.50, 0.00, -0.50):(0.00000, 0.00000, 0.00000, 1.00000)
1:(-3.50, 0.00, 0.00):(0.00000, 0.00000, 0.00000, 1.00000)
1:(-3.50, 0.00, 0.50):(0.00000, 0.00000, 0.00000, 1.00000)
1:(-3.50, 0.00, 1.00):(0.00000, 0.00000, 0.00000, 1.00000)
1:(-3.50, 0.00, 1.50):(0.00000, 0.00000, 0.00000, 1.00000)
1:(-3.50, 0.00, 2.00):(0.00000, 0.00000, 0.00000, 1.00000)
1:(-3.50, 0.00, 2.50):(0.00000, 0.00000, 0.00000, 1.00000)
1:(-3.50, 0.00, 3.00):(0.00000, 0.00000, 0.00000, 1.00000)
1:(-3.00, 0.00, -4.00):(0.00000, 0.00000, 0.00000, 1.00000)
1:(-3.00, 0.00, -3.50):(0.00000, 0.00000, 0.00000, 1.00000)
1:(-3.00, 0.00, -3.00):(0.00000, 0.00000, 0.00000, 1.00000)
1:(-3.00, 0.00, -2.50):(0.00000, 0.00000, 0.00000, 1.00000)
1:(-3.00, 0.00, -2.00):(0.00000, 0.00000, 0.00000, 1.00000)
1:(-3.00, 0.00, -1.50):(0.00000, 0.00000, 0.00000, 1.00000)
1:(-3.00, 0.00, -1.00):(0.00000, 0.00000, 0.00000, 1.00000)
1:(-3.00, 0.00, -0.50):(0.00000, 0.00000, 0.00000, 1.00000)
1:(-3.00, 0.00, 0.00):(0.00000, 0.00000, 0.00000, 1.00000)
1:(-3.00, 0.00, 0.50):(0.00000, 0.00000, 0.00000, 1.00000)
1:(-3.00, 0.00, 1.00):(0.00000, 0.00000, 0.00000, 1.00000)
1:(-3.00, 0.00, 1.50):(0.00000, 0.00000, 0.00000, 1.00000)
1:(-3.00, 0.00, 2.00):(0.00000, 0.00000, 0.00000, 1.00000)
1:(-3.00, 0.00, 2.50):(0.00000, 0.00000, 0.00000, 1.00000)
1:(-3.00, 0.00, 3.00):(0.00000, 0.00000, 0.00000, 1.00000)
1:(-2.50, 0.00, -4.00):(0.00000, 0.00000, 0.00000, 1.00000)
1:(-2.50, 0.00, -3.50):(0.00000, 0.00000, 0.00000, 1.00000)
1:(-2.50, 0.00, -3.00):(0.00000, 0.00000, 0.00000, 1.00000)
1:(-2.50, 0.00, -2.50):(0.00000, 0.00000, 0.00000, 1.00000)
1:(-2.50, 0.00, -2.00):(0.00000, 0.00000, 0.00000, 1.00000)
1:(-2.50, 0.00, -1.50):(0.00000, 0.00000, 0.00000, 1.00000)
1:(-2.50, 0.00, -1.00):(0.00000, 0.00000, 0.00000, 1.00000)
1:(-2.50, 0.00, -0.50):(0.00000, 0.00000, 0.00000, 1.00000)
1:(-2.50, 0.00, 0.00):(0.00000, 0.00000, 0.00000, 1.00000)
1:(-2.50, 0.00, 0.50):(0.00000, 0.00000, 0.00000, 1.00000)
1:(-2.50, 0.00, 1.00):(0.00000, 0.00000, 0.00000, 1.00000)
1:(-2.50, 0.00, 1.50):(0.00000, 0.00000, 0.00000, 1.00000)
1:(-2.50, 0.00, 2.00):(0.00000, 0.00000, 0.00000, 1.00000)
1:(-2.50, 0.00, 2.50):(0.00000, 0.00000, 0.00000, 1.00000)
1:(-2.50, 0.00, 3.00):(0.00000, 0.00000, 0.00000, 1.00000)
1:(-2.00, 0.00, -4.00):(0.00000, 0.00000, 0.00000, 1.00000)
1:(-2.00, 0.00, -3.50):(0.00000, 0.00000, 0.00000, 1.00000)
1:(-2.00, 0.00, -3.00):(0.00000, 0.00000, 0.00000, 1.00000)
1:(-2.00, 0.00, -2.50):(0.00000, 0.00000, 0.00000, 1.00000)
1:(-2.00, 0.00, -2.00):(0.00000, 0.00000, 0.00000, 1.00000)
1:(-2.00, 0.00, -1.50):(0.00000, 0.00000, 0.00000, 1.00000)
1:(-2.00, 0.00, -1.00):(0.00000, 0.00000, 0.00000, 1.00000)
1:(-2.00, 0.00, -0.50):(0.00000, 0.00000, 0.00000, 1.00000)
1:(-2.00, 0.00, 0.00):(0.00000, 0.00000, 0.00000, 1.00000)
1:(-2.00, 0.00, 0.50):(0.00000, 0.00000, 0.00000, 1.00000)
1:(-2.00, 0.00, 1.00):(0.00000, 0.00000, 0.00000, 1.00000)
1:(-2.00, 0.00, 1.50):(0.00000, 0.00000, 0.00000, 1.00000)
1:(-2.00, 0.00, 2.00):(0.00000, 0.00000, 0.00000, 1.00000)
1:(-2.00, 0.00, 2.50):(0.00000, 0.00000, 0.00000, 1.00000)
1:(-2.00, 0.00, 3.00):(0.00000, 0.00000, 0.00000, 1.00000)
1:(-1.50, 0.00, -4.00):(0.00000, 0.00000, 0.00000, 1.00000)
1:(-1.50, 0.00, -3.50):(0.00000, 0.00000, 0.00000, 1.00000)
1:(-1.50, 0.00, -3.00):(0.00000, 0.00000, 0.00000, 1.00000)
1:(-1.50, 0.00, -2.50):(0.00000, 0.00000, 0.00000, 1.00000)
1:(-1.50, 0.00, -2.00):(0.00000, 0.00000, 0.00000, 1.00000)
1:(-1.50, 0.00, -1.50):(0.00000, 0.00000, 0.00000, 1.00000)
1:(-1.50, 0.00, -1.00):(0.00000, 0.00000, 0.00000, 1.00000)
1:(-1.50, 0.00, -0.50):(0.00000, 0.00000, 0.00000, 1.00000)
1:(-1.50, 0.00, 0.00):(0.00000, 0.00000, 0.00000, 1.00000)
1:(-1.50, 0.00, 0.50):(0.00000, 0.00000, 0.00000, 1.00000)
1:(-1.50, 0.00, 1.00):(0.00000, 0.00000, 0.00000, 1.00000)
1:(-1.50, 0.00, 1.50):(0.00000, 0.00000, 0.00000, 1.00000)
1:(-1.50, 0.00, 2.00):(0.00000, 0.00000, 0.00000, 1.00000)
1:(-1.50, 0.00, 2.50):(0.00000, 0.00000, 0.00000, 1.00000)
1:(-1.50, 0.00, 3.00):(0.00000, 0.00000, 0.00000, 1.00000)
1:(-1.00, 0.00, -4.00):(0.00000, 0.00000, 0.00000, 1.00000)
1:(-1.00, 0.00, -3.50):(0.00000, 0.00000, 0.00000, 1.00000)
1:(-1.00, 0.00, -3.00):(0.00000, 0.00000, 0.00000, 1.00000)
1:(-1.00, 0.00, -2.50):(0.00000, 0.00000, 0.00000, 1.00000)
1:(-1.00, 0.00, -2.00):(0.00000, 0.00000, 0.00000, 1.00000)
1:(-1.00, 0.00, -1.50):(0.00000, 0.00000, 0.00000, 1.00000)
1:(-1.00, 0.00, -1.00):(0.00000, 0.00000, 0.00000, 1.00000)
1:(-1.00, 0.00, -0.50):(0.00000, 0.00000, 0.00000, 1.00000)
1:(-1.00, 0.00, 0.00):(0.00000, 0.00000, 0.00000, 1.00000)
1:(-1.00, 0.00, 0.50):(0.00000, 0.00000, 0.00000, 1.00000)
1:(-1.00, 0.00, 1.00):(0.00000, 0.00000, 0.00000, 1.00000)
1:(-1.00, 0.00, 1.50):(0.00000, 0.00000, 0.00000, 1.00000)
1:(-1.00, 0.00, 2.00):(0.00000, 0.00000, 0.00000, 1.00000)
1:(-1.00, 0.00, 2.50):(0.00000, 0.00000, 0.00000, 1.00000)
1:(-1.00, 0.00, 3.00):(0.00000, 0.00000, 0.00000, 1.00000)
1:(-0.50, 0.00, -4.00):(0.00000, 0.00000, 0.00000, 1.00000)
1:(-0.50, 0.00, -3.50):(0.00000, 0.00000, 0.00000, 1.00000)
1:(-0.50, 0.00, -3.00):(0.00000, 0.00000, 0.00000, 1.00000)
1:(-0.50, 0.00, -2.50):(0.00000, 0.00000, 0.00000, 1.00000)
1:(-0.50, 0.00, -2.00):(0.00000, 0.00000, 0.00000, 1.00000)
1:(-0.50, 0.00, -1.50):(0.00000, 0.00000, 0.00000, 1.00000)
1:(-0.50, 0.00, -1.00):(0.00000, 0.00000, 0.00000, 1.00000)
1:(-0.50, 0.00, -0.50):(0.00000, 0.00000, 0.00000, 1.00000)
1:(-0.50, 0.00, 0.00):(0.00000, 0.00000, 0.00000, 1.00000)
1:(-0.50, 0.00, 0.50):(0.00000, 0.00000, 0.00000, 1.00000)
1:(-0.50, 0.00, 1.00):(0.00000, 0.00000, 0.00000, 1.00000)
1:(-0.50, 0.00, 1.50):(0.00000, 0.00000, 0.00000, 1.00000)
1:(-0.50, 0.00, 2.00):(0.00000, 0.00000, 0.00000, 1.00000)
1:(-0.50, 0.00, 2.50):(0.00000, 0.00000, 0.00000, 1.00000)
1:(-0.50, 0.00, 3.00):(0.00000, 0.00000, 0.00000, 1.00000)
1:(0.00, 0.00, -4.00):(0.00000, 0.00000, 0.00000, 1.00000)
1:(0.00, 0.00, -3.50):(0.00000, 0.00000, 0.00000, 1.00000)
1:(0.00, 0.00, -3.00):(0.00000, 0.00000, 0.00000, 1.00000)
1:(0.00, 0.00, -2.50):(0.00000, 0.00000, 0.00000, 1.00000)
1:(0.00, 0.00, -2.00):(0.00000, 0.00000, 0.00000, 1.00000)
1:(0.00, 0.00, -1.50):(0.00000, 0.00000, 0.00000, 1.00000)
1:(0.00, 0.00, -1.00):(0.00000, 0.00000, 0.00000, 1.00000)
1:(0.00, 0.00, -0.50):(0.00000, 0.00000, 0.00000, 1.00000)
1:(0.00, 0.00, 0.00):(0.00000, 0.00000, 0.00000, 1.00000)
1:(0.00, 0.00, 0.50):(0.00000, 0.00000, 0.00000, 1.00000)
1:(0.00, 0.00, 1.00):(0.00000, 0.00000, 0.00000, 1.00000)
1:(0.00, 0.00, 1.50):(0.00000, 0.00000, 0.00000, 1.00000)
1:(0.00, 0.00, 2.00):(0.00000, 0.00000, 0.00000, 1.00000)
1:(0.00, 0.00, 2.50):(0.00000, 0.00000, 0.00000, 1.00000)
1:(0.00, 0.00, 3.00):(0.00000, 0.00000, 0.00000, 1.00000)
1:(0.50, 0.00, -4.00):(0.00000, 0.00000, 0.00000, 1.00000)
1:(0.50, 0.00, -3.50):(0.00000, 0.00000, 0.00000, 1.00000)
1:(0.50, 0.00, -3.00):(0.00000, 0.00000, 0.00000, 1.00000)
1:(0.50, 0.00, -2.50):(0.00000, 0.00000, 0.00000, 1.00000)
1:(0.50, 0.00, -2.00):(0.00000, 0.00000, 0.00000, 1.00000)
1:(0.50, 0.00, -1.50):(0.00000, 0.00000, 0.00000, 1.00000)
1:(0.50, 0.00, -1.00):(0.00000, 0.00000, 0.00000, 1.00000)
1:(0.50, 0.00, -0.50):(0.00000, 0.00000, 0.00000, 1.00000)
1:(0.50, 0.00, 0.00):(0.00000, 0.00000, 0.00000, 1.00000)
1:(0.50, 0.00, 0.50):(0.00000, 0.00000, 0.00000, 1.00000)
1:(0.50, 0.00, 1.00):(0.00000, 0.00000, 0.00000, 1.00000)
1:(0.50, 0.00, 1.50):(0.00000, 0.00000, 0.00000, 1.00000)
1:(0.50, 0.00, 2.00):(0.00000, 0.00000, 0.00000, 1.00000)
1:(0.50, 0.00, 2.50):(0.00000, 0.00000, 0.00000, 1.00000)
1:(0.50, 0.00, 3.00):(0.00000, 0.00000, 0.00000, 1.00000)
1:(1.00, 0.00, -4.00):(0.00000, 0.00000, 0.00000, 1.00000)
1:(1.00, 0.00, -3.50):(0.00000, 0.00000, 0.00000, 1.00000)
1:(1.00, 0.00, -3.00):(0.00000, 0.00000, 0.00000, 1.00000)
1:(1.00, 0.00, -2.50):(0.00000, 0.00000, 0.00000, 1.00000)
1:(1.00, 0.00, -2.00):(0.00000, 0.00000, 0.00000, 1.00000)
1:(1.00, 0.00, -1.50):(0.00000, 0.00000, 0.00000, 1.00000)
1:(1.00, 0.00, -1.00):(0.00000, 0.00000, 0.00000, 1.00000)
1:(1.00, 0.00, -0.50):(0.00000, 0.00000, 0.00000, 1.00000)
1:(1.00, 0.00, 0.00):(0.00000, 0.00000, 0.00000, 1.00000)
1:(1.00, 0.00, 0.50):(0.00000, 0.00000, 0.00000, 1.00000)
1:(1.00, 0.00, 1.00):(0.00000, 0.00000, 0.00000, 1.00000)
1:(1.00, 0.00, 1.50):(0.00000, 0.00000, 0.00000, 1.00000)
1:(1.00, 0.00, 2.00):(0.00000, 0.00000, 0.00000, 1.00000)
1:(1.00, 0.00, 2.50):(0.00000, 0.00000, 0.00000, 1.00000)
1:(1.00, 0.00, 3.00):(0.00000, 0.00000, 0.00000, 1.00000)
1:(1.50, 0.00, -4.00):(0.00000, 0.00000, 0.00000, 1.00000)
1:(1.50, 0.00, -3.50):(0.00000, 0.00000, 0.00000, 1.00000)
1:(1.50, 0.00, -3.00):(0.00000, 0.00000, 0.00000, 1.00000)
1:(1.50, 0.00, -2.50):(0.00000, 0.00000, 0.00000, 1.00000)
1:(1.50, 0.00, -2.00):(0.00000, 0.00000, 0.00000, 1.00000)
1:(1.50, 0.00, -1.50):(0.00000, 0.00000, 0.00000, 1.00000)
1:(1.50, 0.00, -1.00):(0.00000, 0.00000, 0.00000, 1.00000)
1:(1.50, 0.00, -0.50):(0.00000, 0.00000, 0.00000, 1.00000)
1:(1.50, 0.00, 0.00):(0.00000, 0.00000, 0.00000, 1.00000)
1:(1.50, 0.00, 0.50):(0.00000, 0.00000, 0.00000, 1.00000)
1:(1.50, 0.00, 1.00):(0.00000, 0.00000, 0.00000, 1.00000)
1:(1.50, 0.00, 1.50):(0.00000, 0.00000, 0.00000, 1.00000)
1:(1.50, 0.00, 2.00):(0.00000, 0.00000, 0.00000, 1.00000)
1:(1.50, 0.00, 2.50):(0.00000, 0.00000, 0.00000, 1.00000)
1:(1.50, 0.00, 3.00):(0.00000, 0.00000, 0.00000, 1.00000)
1:(2.00, 0.00, -4.00):(0.00000, 0.00000, 0.00000, 1.00000)
1:(2.00, 0.00, -3.50):(0.00000, 0.00000, 0.00000, 1.00000)
1:(2.00, 0.00, -3.00):(0.00000, 0.00000, 0.00000, 1.00000)
1:(2.00, 0.00, -2.50):(0.00000, 0.00000, 0.00000, 1.00000)
1:(2.00, 0.00, -2.00):(0.00000, 0.00000, 0.00000, 1.00000)
1:(2.00, 0.00, -1.50):(0.00000, 0.00000, 0.00000, 1.00000)
1:(2.00, 0.00, -1.00):(0.00000, 0.00000, 0.00000, 1.00000)
1:(2.00, 0.00, -0.50):(0.00000, 0.00000, 0.00000, 1.00000)
1:(2.00, 0.00, 0.00):(0.00000, 0.00000, 0.00000, 1.00000)
1:(2.00, 0.00, 0.50):(0.00000, 0.00000, 0.00000, 1.00000)
1:(2.00, 0.00, 1.00):(0.00000, 0.00000, 0.00000, 1.00000)
1:(2.00, 0.00, 1.50):(0.00000, 0.00000, 0.00000, 1.00000)
1:(2.00, 0.00, 2.00):(0.00000, 0.00000, 0.00000, 1.00000)
1:(2.00, 0.00, 2.50):(0.00000, 0.00000, 0.00000, 1.00000)
1:(2.00, 0.00, 3.00):(0.00000, 0.00000, 0.00000, 1.00000)
1:(2.50, 0.00, -4.00):(0.00000, 0.00000, 0.00000, 1.00000)
1:(2.50, 0.00, -3.50):(0.00000, 0.00000, 0.00000, 1.00000)
1:(2.50, 0.00, -3.00):(0.00000, 0.00000, 0.00000, 1.00000)
1:(2.50, 0.00, -2.50):(0.00000, 0.00000, 0.00000, 1.00000)
1:(2.50, 0.00, -2.00):(0.00000, 0.00000, 0.00000, 1.00000)
1:(2.50, 0.00, -1.50):(0.00000, 0.00000, 0.00000, 1.00000)
1:(2.50, 0.00, -1.00):(0.00000, 0.00000, 0.00000, 1.00000)
1:(2.50, 0.00, -0.50):(0.00000, 0.00000, 0.00000, 1.00000)
1:(2.50, 0.00, 0.00):(0.00000, 0.00000, 0.00000, 1.00000)
1:(2.50, 0.00, 0.50):(0.00000, 0.00000, 0.00000, 1.00000)
1:(2.50, 0.00, 1.00):(0.00000, 0.00000, 0.00000, 1.00000)
1:(2.50, 0.00, 1.50):(0.00000, 0.00000, 0.00000, 1.00000)
1:(2.50, 0.00, 2.00):(0.00000, 0.00000, 0.00000, 1.00000)
1:(2.50, 0.00, 2.50):(0.00000, 0.00000, 0.00000, 1.00000)
1:(2.50, 0.00, 3.00):(0.00000, 0.00000, 0.00000, 1.00000)
1:(3.00, 0.00, -4.00):(0.00000, 0.00000, 0.00000, 1.00000)
1:(3.00, 0.00, -3.50):(0.00000, 0.00000, 0.00000, 1.00000)
1:(3.00, 0.00, -3.00):(0.00000, 0.00000, 0.00000, 1.00000)
1:(3.00, 0.00, -2.50):(0.00000, 0.00000, 0.00000, 1.00000)
1:(3.00, 0.00, -2.00):(0.00000, 0.00000, 0.00000, 1.00000)
1:(3.00, 0.00, -1.50):(0.00000, 0.00000, 0.00000, 1.00000)
1:(3.00, 0.00, -1.00):(0.00000, 0.00000, 0.00000, 1.00000)
1:(3.00, 0.00, -0.50):(0.00000, 0.00000, 0.00000, 1.00000)
1:(3.00, 0.00, 0.00):(0.00000, 0.00000, 0.00000, 1.00000)
1:(3.00, 0.00, 0.50):(0.00000, 0.00000, 0.00000, 1.00000)
1:(3.00, 0.00, 1.00):(0.00000, 0.00000, 0.00000, 1.00000)
1:(3.00, 0.00, 1.50):(0.00000, 0.00000, 0.00000, 1.00000)
1:(3.00, 0.00, 2.00):(0.00000, 0.00000, 0.00000, 1.00000)
1:(3.00, 0.00, 2.50):(0.00000, 0.00000, 0.00000, 1.00000)
1:(3.00, 0.00, 3.00):(0.00000, 0.00000, 0.00000, 1.00000)
1:(3.50, 0.00, -4.00):(0.00000, 0.00000, 0.00000, 1.00000)
1:(3.50, 0.00, -3.50):(0.00000, 0.00000, 0.00000, 1.00000)
1:(3.50, 0.00, -3.00):(0.00000, 0.00000, 0.00000, 1.00000)
1:(3.50, 0.00, -2.50):(0.00000, 0.00000, 0.00000, 1.00000)
1:(3.50, 0.00, -2.00):(0.00000, 0.00000, 0.00000, 1.00000)
1:(3.50, 0.00, -1.50):(0.00000, 0.00000, 0.00000, 1.00000)
1:(3.50, 0.00, -1.00):(0.00000, 0.00000, 0.00000, 1.00000)
1:(3.50, 0.00, -0.50):(0.00000, 0.00000, 0.00000, 1.00000)
1:(3.50, 0.00, 0.00):(0.00000, 0.00000, 0.00000, 1.00000)
1:(3.50, 0.00, 0.50):(0.00000, 0.00000, 0.00000, 1.00000)
1:(3.50, 0.00, 1.00):(0.00000, 0.00000, 0.00000, 1.00000)
1:(3.50, 0.00, 1.50):(0.00000, 0.00000, 0.00000, 1.00000)
1:(3.50, 0.00, 2.00):(0.00000, 0.00000, 0.00000, 1.00000)
1:(3.50, 0.00, 2.50):(0.00000, 0.00000, 0.00000, 1.00000)
1:(3.50, 0.00, 3.00):(0.00000, 0.00000, 0.00000, 1.00000)
3:(4.00, 0.00, 3.50):(0.00000, 1.00000, 0.00000, 0.00000)
0:(2.50, 0.00, 3.50):(0.00000, 0.00000, 0.00000, 1.00000)
2:(-4.00, 0.00, 3.50):(0.00000, 0.00000, 0.00000, 1.00000)
0:(2.50, 0.00, 3.50):(0.00000, 1.00000, 0.00000, 0.00000)
0:(2.00, 0.00, 3.50):(0.00000, 1.00000, 0.00000, 0.00000)
0:(1.50, 0.00, 3.50):(0.00000, 1.00000, 0.00000, 0.00000)
0:(1.00, 0.00, 3.50):(0.00000, 1.00000, 0.00000, 0.00000)
2:(-0.50, 0.00, 3.50):(0.00000, 0.00000, 0.00000, 1.00000)
2:(3.00, 0.00, -4.50):(0.00000, 0.00000, 0.00000, 1.00000)
0:(-0.50, 0.00, 3.50):(0.00000, 1.00000, 0.00000, 0.00000)
0:(-1.00, 0.00, 3.50):(0.00000, 1.00000, 0.00000, 0.00000)
0:(-1.50, 0.00, 3.50):(0.00000, 1.00000, 0.00000, 0.00000)
0:(-2.00, 0.00, 3.50):(0.00000, 1.00000, 0.00000, 0.00000)
0:(-2.50, 0.00, 3.50):(0.00000, 1.00000, 0.00000, 0.00000)
2:(4.00, 0.00, -4.50):(0.00000, -0.70711, 0.00000, 0.70711)
2:(4.00, 0.00, 2.50):(0.00000, -0.70711, 0.00000, 0.70711)
0:(-4.00, 0.00, 3.50):(0.00000, 0.70711, 0.00000, 0.70711)
0:(-4.00, 0.00, 3.00):(0.00000, 0.70711, 0.00000, 0.70711)
0:(-4.00, 0.00, 2.50):(0.00000, 0.70711, 0.00000, 0.70711)
0:(-4.00, 0.00, 2.00):(0.00000, 0.70711, 0.00000, 0.70711)
0:(-4.00, 0.00, 1.50):(0.00000, 0.70711, 0.00000, 0.70711)
2:(-4.00, 0.00, 0.00):(0.00000, -0.70711, 0.00000, 0.70711)
2:(-3.00, 0.00, -4.50):(0.00000, -1.00000, 0.00000, 0.00000)
0:(-4.00, 0.00, 0.00):(0.00000, 0.70711, 0.00000, 0.70711)
0:(-4.00, 0.00, -0.50):(0.00000, 0.70711, 0.00000, 0.70711)
0:(-4.00, 0.00, -1.00):(0.00000, 0.70711, 0.00000, 0.70711)
2:(-4.00, 0.00, -2.50):(0.00000, -0.70711, 0.00000, 0.70711)
2:(4.00, 0.00, -1.00):(0.00000, -0.70711, 0.00000, 0.70711)
0:(-4.00, 0.00, -2.50):(0.00000, 0.70711, 0.00000, 0.70711)
0:(-4.00, 0.00, -3.00):(0.00000, 0.70711, 0.00000, 0.70711)
0:(-4.00, 0.00, -3.50):(0.00000, 0.70711, 0.00000, 0.70711)
0:(-4.00, 0.00, -4.00):(0.00000, 0.70711, 0.00000, 0.70711)
0:(-3.00, 0.00, -4.50):(0.00000, 0.00000, 0.00000, 1.00000)
0:(-2.50, 0.00, -4.50):(0.00000, 0.00000, 0.00000, 1.00000)
0:(-2.00, 0.00, -4.50):(0.00000, 0.00000, 0.00000, 1.00000)
0:(-1.50, 0.00, -4.50):(0.00000, 0.00000, 0.00000, 1.00000)
0:(-1.00, 0.00, -4.50):(0.00000, 0.00000, 0.00000, 1.00000)
0:(-0.50, 0.00, -4.50):(0.00000, 0.00000, 0.00000, 1.00000)
0:(0.00, 0.00, -4.50):(0.00000, 0.00000, 0.00000, 1.00000)
0:(0.50, 0.00, -4.50):(0.00000, 0.00000, 0.00000, 1.00000)
0:(1.00, 0.00, -4.50):(0.00000, 0.00000, 0.00000, 1.00000)
0:(1.50, 0.00, -4.50):(0.00000, 0.00000, 0.00000, 1.00000)
0:(2.00, 0.00, -4.50):(0.00000, 0.00000, 0.00000, 1.00000)
0:(2.50, 0.00, -4.50):(0.00000, 0.00000, 0.00000, 1.00000)
0:(4.00, 0.00, -3.50):(0.00000, -0.70711, 0.00000, 0.70711)
0:(4.00, 0.00, -3.00):(0.00000, -0.70711, 0.00000, 0.70711)
0:(4.00, 0.00, -2.50):(0.00000, -0.70711, 0.00000, 0.70711)
0:(4.00, 0.00, -2.00):(0.00000, -0.70711, 0.00000, 0.70711)
0:(4.00, 0.00, -1.50):(0.00000, -0.70711, 0.00000, 0.70711)
0:(4.00, 0.00, 0.00):(0.00000, -0.70711, 0.00000, 0.70711)
0:(4.00, 0.00, 0.50):(0.00000, -0.70711, 0.00000, 0.70711)
0:(4.00, 0.00, 1.00):(0.00000, -0.70711, 0.00000, 0.70711)
0:(4.00, 0.00, 1.50):(0.00000, -0.70711, 0.00000, 0.70711)
0:(4.00, 0.00, 2.00):(0.00000, -0.70711, 0.00000, 0.70711)
99:(3.50, 0.00, 3.00):(0.00006, -0.99768, 0.06802, 0.00087)
26:(3.50, 0.00, -3.50):(0.00000, 0.00000, 0.00000, 1.00000)
19:(3.50, 0.00, -3.50):(0.00000, 0.70711, 0.00000, 0.70711)
13:(3.00, 0.00, -3.00):(0.00000, 1.00000, 0.00000, 0.00000)
6:(3.00, 0.00, -3.50):(0.00000, -1.00000, 0.00000, 0.00000)
19:(2.00, 0.00, -4.00):(0.00000, 1.00000, 0.00000, 0.00000)
19:(1.00, 0.00, -4.00):(0.00000, 1.00000, 0.00000, 0.00000)
19:(0.00, 0.00, -4.00):(0.00000, 1.00000, 0.00000, 0.00000)
21:(-1.50, 0.00, -4.50):(0.00000, 1.00000, 0.00000, 0.00000)
13:(-3.00, 0.00, -3.00):(0.00000, 1.00000, 0.00000, 0.00000)
13:(-2.00, 0.00, -4.00):(0.00000, 0.70711, 0.00000, -0.70711)
6:(-2.50, 0.00, -4.00):(0.00000, -0.70711, 0.00000, 0.70711)
6:(-4.00, 0.00, -3.00):(0.00000, 0.00000, 0.00000, -1.00000)
6:(-3.00, 0.00, -3.00):(0.00000, 0.00000, 0.00000, -1.00000)
6:(-3.50, 0.00, -3.00):(0.00000, 0.00000, 0.00000, -1.00000)
6:(-2.00, 0.00, -3.00):(0.00000, 0.70711, 0.00000, 0.70711)
6:(-2.00, 0.00, -3.50):(0.00000, 0.70711, 0.00000, 0.70711)
6:(-2.00, 0.00, -4.00):(0.00000, 0.70711, 0.00000, 0.70711)
22:(-3.50, 0.00, -4.00):(0.00000, 1.00000, 0.00000, 0.00000)
22:(-3.00, 0.00, -4.50):(0.00000, -0.70711, 0.00000, 0.70711)
6:(-1.00, 0.00, -4.00):(0.00000, 0.00000, 0.00000, 1.00000)
6:(-0.50, 0.00, -4.00):(0.00000, 0.00000, 0.00000, 1.00000)
6:(0.00, 0.00, -4.00):(0.00000, 0.00000, 0.00000, 1.00000)
6:(0.50, 0.00, -4.00):(0.00000, 0.00000, 0.00000, 1.00000)
6:(1.00, 0.00, -4.00):(0.00000, 0.00000, 0.00000, 1.00000)
6:(1.50, 0.00, -4.00):(0.00000, 0.00000, 0.00000, 1.00000)
17:(4.00, 0.00, -0.50):(0.00000, 0.70711, 0.00000, -0.70711)
17:(4.00, 0.00, -1.50):(0.00000, 0.70711, 0.00000, -0.70711)
18:(3.50, 0.00, -2.50):(0.00000, -0.70711, 0.00000, -0.70711)
18:(3.50, 0.00, -2.00):(0.00000, -0.70711, 0.00000, -0.70711)
18:(3.50, 0.00, 1.50):(0.00000, -0.70711, 0.00000, -0.70711)
18:(3.50, 0.00, 2.00):(0.00000, -0.70711, 0.00000, -0.70711)
20:(2.00, 0.00, -0.50):(0.00000, 0.00000, 0.00000, 1.00000)
20:(2.00, 0.00, -2.00):(0.00000, 0.00000, 0.00000, 1.00000)
14:(1.50, 0.00, -1.50):(0.00000, 1.00000, 0.00000, 0.00000)
14:(1.00, 0.00, -1.50):(0.00000, 0.00000, 0.00000, 1.00000)
15:(-4.00, 0.00, -1.50):(0.00000, 0.70711, 0.00000, 0.70711)
15:(-4.00, 0.00, -0.50):(0.00000, 0.70711, 0.00000, 0.70711)
15:(-4.00, 0.00, 0.50):(0.00000, 0.70711, 0.00000, 0.70711)
15:(-4.00, 0.00, 1.50):(0.00000, 0.70711, 0.00000, 0.70711)
20:(-4.00, 0.00, 1.50):(0.00000, 0.00000, 0.00000, 1.00000)
20:(-2.50, 0.00, 1.50):(0.00000, 0.00000, 0.00000, 1.00000)
15:(-2.50, 0.00, 3.50):(0.00000, 1.00000, 0.00000, 0.00000)
15:(-1.50, 0.00, 3.50):(0.00000, 1.00000, 0.00000, 0.00000)
15:(-0.50, 0.00, 3.50):(0.00000, 1.00000, 0.00000, 0.00000)
14:(0.50, 0.00, -1.50):(0.00000, 0.00000, 0.00000, 1.00000)
14:(1.00, 0.00, -1.50):(0.00000, 1.00000, 0.00000, 0.00000)
14:(0.00, 0.00, -1.50):(0.00000, 1.00000, 0.00000, 0.00000)
14:(-0.50, 0.00, -1.50):(0.00000, 0.00000, 0.00000, 1.00000)
14:(-0.50, 0.00, -1.50):(0.00000, 1.00000, 0.00000, 0.00000)
14:(-1.00, 0.00, -1.50):(0.00000, 0.00000, 0.00000, 1.00000)
14:(-1.50, 0.00, -1.50):(0.00000, 1.00000, 0.00000, 0.00000)
14:(-2.00, 0.00, -1.50):(0.00000, 0.00000, 0.00000, 1.00000)
14:(-2.50, 0.00, -1.50):(0.00000, 0.00000, 0.00000, 1.00000)
14:(-2.00, 0.00, -1.50):(0.00000, 1.00000, 0.00000, 0.00000)
14:(1.00, 0.00, 0.50):(0.00000, 0.00000, 0.00000, 1.00000)
14:(0.50, 0.00, 0.50):(0.00000, 0.00000, 0.00000, 1.00000)
14:(-2.00, 0.00, 0.50):(0.00000, 1.00000, 0.00000, 0.00000)
14:(-1.50, 0.00, 0.50):(0.00000, 1.00000, 0.00000, 0.00000)
14:(-0.50, 0.00, 0.50):(0.00000, 0.00000, 0.00000, 1.00000)
14:(-1.00, 0.00, 0.50):(0.00000, 0.00000, 0.00000, 1.00000)
14:(-0.50, 0.00, 0.50):(0.00000, 1.00000, 0.00000, 0.00000)
14:(0.00, 0.00, 0.50):(0.00000, 1.00000, 0.00000, 0.00000)
14:(-2.00, 0.00, 0.50):(0.00000, 0.00000, 0.00000, 1.00000)
14:(-2.50, 0.00, 0.50):(0.00000, 0.00000, 0.00000, 1.00000)
14:(1.00, 0.00, 0.50):(0.00000, 1.00000, 0.00000, 0.00000)
14:(1.50, 0.00, 0.50):(0.00000, 1.00000, 0.00000, 0.00000)
30:(3.00, 0.00, 4.50):(0.00000, 0.00000, 0.00000, 1.00000)
30:(2.00, 0.00, 2.50):(0.00000, 0.00000, 0.00000, 1.00000)
6:(1.50, 0.00, -2.00):(0.00000, -1.00000, 0.00000, 0.00000)
6:(1.00, 0.00, -2.00):(0.00000, -1.00000, 0.00000, 0.00000)
6:(0.00, 0.00, -2.00):(0.00000, -1.00000, 0.00000, 0.00000)
6:(-0.50, 0.00, -2.00):(0.00000, -1.00000, 0.00000, 0.00000)
6:(-1.50, 0.00, -2.00):(0.00000, -1.00000, 0.00000, 0.00000)
6:(-2.00, 0.00, -2.00):(0.00000, -1.00000, 0.00000, 0.00000)
6:(-2.00, 0.00, 0.00):(0.00000, -1.00000, 0.00000, 0.00000)
6:(-1.50, 0.00, 0.00):(0.00000, -1.00000, 0.00000, 0.00000)
6:(-0.50, 0.00, 0.00):(0.00000, -1.00000, 0.00000, 0.00000)
6:(0.00, 0.00, 0.00):(0.00000, -1.00000, 0.00000, 0.00000)
6:(1.00, 0.00, 0.00):(0.00000, -1.00000, 0.00000, 0.00000)
6:(1.50, 0.00, 0.00):(0.00000, -1.00000, 0.00000, 0.00000)
6:(-2.50, 0.00, -1.00):(0.00000, 0.00000, 0.00000, -1.00000)
6:(-2.00, 0.00, -1.00):(0.00000, 0.00000, 0.00000, -1.00000)
6:(-1.00, 0.00, -1.00):(0.00000, 0.00000, 0.00000, -1.00000)
6:(-0.50, 0.00, -1.00):(0.00000, 0.00000, 0.00000, -1.00000)
6:(0.50, 0.00, -1.00):(0.00000, 0.00000, 0.00000, -1.00000)
6:(1.00, 0.00, -1.00):(0.00000, 0.00000, 0.00000, -1.00000)
6:(1.00, 0.00, 1.00):(0.00000, 0.00000, 0.00000, -1.00000)
6:(0.50, 0.00, 1.00):(0.00000, 0.00000, 0.00000, -1.00000)
6:(-0.50, 0.00, 1.00):(0.00000, 0.00000, 0.00000, -1.00000)
6:(-1.00, 0.00, 1.00):(0.00000, 0.00000, 0.00000, -1.00000)
6:(-2.00, 0.00, 1.00):(0.00000, 0.00000, 0.00000, -1.00000)
6:(-2.50, 0.00, 1.00):(0.00000, 0.00000, 0.00000, -1.00000)
32:(3.00, 0.00, 0.50):(0.00000, 0.00000, 0.00000, 1.00000)
32:(3.50, 0.00, -2.00):(0.00000, 0.00000, 0.00000, 1.00000)
15:(-3.50, 0.00, 1.00):(0.00000, 0.00000, 0.00000, 1.00000)
22:(-4.00, 0.00, 3.00):(0.00000, 0.00000, 0.00000, 1.00000)
22:(-0.50, 0.00, 3.00):(0.00000, 0.00000, 0.00000, 1.00000)
22:(0.00, 0.00, 3.00):(0.00000, 0.00000, 0.00000, 1.00000)
25:(-3.50, 0.00, 2.00):(0.00000, -0.70711, 0.00000, 0.70711)
25:(-3.50, 0.00, 2.50):(0.00000, -0.70711, 0.00000, 0.70711)
25:(-3.00, 0.00, 2.00):(0.00000, -1.00000, 0.00000, 0.00000)
25:(-2.50, 0.00, 2.00):(0.00000, -1.00000, 0.00000, 0.00000)
25:(-3.00, 0.00, 2.50):(0.00000, -0.70711, 0.00000, -0.70711)
25:(-3.00, 0.00, 3.00):(0.00000, -0.70711, 0.00000, -0.70711)
25:(-3.50, 0.00, 2.00):(0.00000, 1.00000, 0.00000, 0.00000)
25:(-3.50, 0.00, 2.50):(0.00000, 0.00000, 0.00000, 1.00000)
26:(-1.50, 0.00, -4.50):(0.00000, 0.00000, 0.00000, 1.00000)
29:(2.00, 0.00, -4.50):(0.00000, 0.00000, 0.00000, 1.00000)
24:(1.00, 0.00, 3.00):(0.00000, 0.00000, 0.00000, 1.00000)
28:(-4.00, 0.00, 2.50):(0.00000, 0.70711, 0.00000, -0.70711)
31:(-4.00, 0.00, -4.50):(0.00000, 0.70711, 0.00000, -0.70711)
26:(2.00, 0.00, 3.00):(0.00000, 0.00000, 0.00000, 1.00000)
30:(2.50, 0.00, 4.00):(0.00000, 0.70711, 0.00000, 0.70711)
30:(4.50, 0.00, 2.00):(0.00000, 0.00000, 0.00000, 1.00000)
10:(2.50, 0.00, 3.00):(0.00000, 0.00000, 0.00000, 1.00000)
20:(2.00, 0.00, -4.50):(0.00000, 0.00000, 0.00000, 1.00000)
20:(0.50, 0.00, -4.50):(0.00000, 0.00000, 0.00000, 1.00000)
20:(-1.00, 0.00, -4.50):(0.00000, 0.00000, 0.00000, 1.00000)
20:(-3.50, 0.00, -4.50):(0.00000, 0.00000, 0.00000, 1.00000)
