1:(-3.50, 0.00, 3.50):(0.00000, 0.00000, 0.00000, 1.00000)
1:(-3.00, 0.00, 3.50):(0.00000, 0.00000, 0.00000, 1.00000)
1:(-2.50, 0.00, 3.50):(0.00000, 0.00000, 0.00000, 1.00000)
1:(-2.00, 0.00, 3.50):(0.00000, 0.00000, 0.00000, 1.00000)
1:(-1.50, 0.00, 3.50):(0.00000, 0.00000, 0.00000, 1.00000)
1:(-1.00, 0.00, 3.50):(0.00000, 0.00000, 0.00000, 1.00000)
1:(-0.50, 0.00, 3.50):(0.00000, 0.00000, 0.00000, 1.00000)
1:(0.00, 0.00, 3.50):(0.00000, 0.00000, 0.00000, 1.00000)
1:(0.50, 0.00, 3.50):(0.00000, 0.00000, 0.00000, 1.00000)
1:(1.00, 0.00, 3.50):(0.00000, 0.00000, 0.00000, 1.00000)
1:(1.50, 0.00, 3.50):(0.00000, 0.00000, 0.00000, 1.00000)
1:(2.00, 0.00, 3.50):(0.00000, 0.00000, 0.00000, 1.00000)
1:(2.50, 0.00, 3.50):(0.00000, 0.00000, 0.00000, 1.00000)
1:(3.00, 0.00, 3.50):(0.00000, 0.00000, 0.00000, 1.00000)
1:(3.50, 0.00, 3.50):(0.00000, 0.00000, 0.00000, 1.00000)
1:(-4.00, 0.00, 3.50):(0.00000, 0.00000, 0.00000, 1.00000)
1:(-4.00, 0.00, 3.00):(0.00000, 0.00000, 0.00000, 1.00000)
1:(-4.00, 0.00, 2.50):(0.00000, 0.00000, 0.00000, 1.00000)
1:(-4.00, 0.00, 2.00):(0.00000, 0.00000, 0.00000, 1.00000)
1:(-4.00, 0.00, 1.50):(0.00000, 0.00000, 0.00000, 1.00000)
1:(-4.00, 0.00, 1.00):(0.00000, 0.00000, 0.00000, 1.00000)
1:(-4.00, 0.00, 0.50):(0.00000, 0.00000, 0.00000, 1.00000)
1:(-4.00, 0.00, 0.00):(0.00000, 0.00000, 0.00000, 1.00000)
1:(-4.00, 0.00, -0.50):(0.00000, 0.00000, 0.00000, 1.00000)
1:(-4.00, 0.00, -1.00):(0.00000, 0.00000, 0.00000, 1.00000)
1:(-4.00, 0.00, -1.50):(0.00000, 0.00000, 0.00000, 1.00000)
1:(-4.00, 0.00, -2.00):(0.00000, 0.00000, 0.00000, 1.00000)
1:(-4.00, 0.00, -2.50):(0.00000, 0.00000, 0.00000, 1.00000)
1:(-4.00, 0.00, -3.00):(0.00000, 0.00000, 0.00000, 1.00000)
1:(-4.00, 0.00, -3.50):(0.00000, 0.00000, 0.00000, 1.00000)
1:(-4.00, 0.00, -4.00):(0.00000, 0.00000, 0.00000, 1.00000)
1:(-3.50, 0.00, -4.00):(0.00000, 0.00000, 0.00000, 1.00000)
1:(-3.50, 0.00, -3.50):(0.00000, 0.00000, 0.00000, 1.00000)
1:(-3.50, 0.00, -3.00):(0.00000, 0.00000, 0.00000, 1.00000)
1:(-3.50, 0.00, -2.50):(0.00000, 0.00000, 0.00000, 1.00000)
1:(-3.50, 0.00, -2.00):(0.00000, 0.00000, 0.00000, 1.00000)
1:(-3.50, 0.00, -1.50):(0.00000, 0.00000, 0.00000, 1.00000)
1:(-3.50, 0.00, -1.00):(0.00000, 0.00000, 0.00000, 1.00000)
1:(-3.50, 0.00, -0.50):(0.00000, 0.00000, 0.00000, 1.00000)
1:(-3.50, 0.00, 0.00):(0.00000, 0.00000, 0.00000, 1.00000)
1:(-3.50, 0.00, 0.50):(0.00000, 0.00000, 0.00000, 1.00000)
1:(-3.50, 0.00, 1.00):(0.00000, 0.00000, 0.00000, 1.00000)
1:(-3.50, 0.00, 1.50):(0.00000, 0.00000, 0.00000, 1.00000)
1:(-3.50, 0.00, 2.00):(0.00000, 0.00000, 0.00000, 1.00000)
1:(-3.50, 0.00, 2.50):(0.00000, 0.00000, 0.00000, 1.00000)
1:(-3.50, 0.00, 3.00):(0.00000, 0.00000, 0.00000, 1.00000)
1:(-3.00, 0.00, -4.00):(0.00000, 0.00000, 0.00000, 1.00000)
1:(-3.00, 0.00, -3.50):(0.00000, 0.00000, 0.00000, 1.00000)
1:(-3.00, 0.00, -3.00):(0.00000, 0.00000, 0.00000, 1.00000)
1:(-3.00, 0.00, -2.50):(0.00000, 0.00000, 0.00000, 1.00000)
1:(-3.00, 0.00, -2.00):(0.00000, 0.00000, 0.00000, 1.00000)
1:(-3.00, 0.00, -1.50):(0.00000, 0.00000, 0.00000, 1.00000)
1:(-3.00, 0.00, -1.00):(0.00000, 0.00000, 0.00000, 1.00000)
1:(-3.00, 0.00, -0.50):(0.00000, 0.00000, 0.00000, 1.00000)
1:(-3.00, 0.00, 0.00):(0.00000, 0.00000, 0.00000, 1.00000)
1:(-3.00, 0.00, 0.50):(0.00000, 0.00000, 0.00000, 1.00000)
1:(-3.00, 0.00, 1.00):(0.00000, 0.00000, 0.00000, 1.00000)
1:(-3.00, 0.00, 1.50):(0.00000, 0.00000, 0.00000, 1.00000)
1:(-3.00, 0.00, 2.00):(0.00000, 0.00000, 0.00000, 1.00000)
1:(-3.00, 0.00, 2.50):(0.00000, 0.00000, 0.00000, 1.00000)
1:(-3.00, 0.00, 3.00):(0.00000, 0.00000, 0.00000, 1.00000)
1:(-2.50, 0.00, -4.00):(0.00000, 0.00000, 0.00000, 1.00000)
1:(-2.50, 0.00, -3.50):(0.00000, 0.00000, 0.00000, 1.00000)
1:(-2.50, 0.00, -3.00):(0.00000, 0.00000, 0.00000, 1.00000)
1:(-2.50, 0.00, -2.50):(0.00000, 0.00000, 0.00000, 1.00000)
1:(-2.50, 0.00, -2.00):(0.00000, 0.00000, 0.00000, 1.00000)
1:(-2.50, 0.00, -1.50):(0.00000, 0.00000, 0.00000, 1.00000)
1:(-2.50, 0.00, -1.00):(0.00000, 0.00000, 0.00000, 1.00000)
1:(-2.50, 0.00, -0.50):(0.00000, 0.00000, 0.00000, 1.00000)
1:(-2.50, 0.00, 0.00):(0.00000, 0.00000, 0.00000, 1.00000)
1:(-2.50, 0.00, 0.50):(0.00000, 0.00000, 0.00000, 1.00000)
1:(-2.50, 0.00, 1.00):(0.00000, 0.00000, 0.00000, 1.00000)
1:(-2.50, 0.00, 1.50):(0.00000, 0.00000, 0.00000, 1.00000)
1:(-2.50, 0.00, 2.00):(0.00000, 0.00000, 0.00000, 1.00000)
1:(-2.50, 0.00, 2.50):(0.00000, 0.00000, 0.00000, 1.00000)
1:(-2.50, 0.00, 3.00):(0.00000, 0.00000, 0.00000, 1.00000)
1:(-2.00, 0.00, -4.00):(0.00000, 0.00000, 0.00000, 1.00000)
1:(-2.00, 0.00, -3.50):(0.00000, 0.00000, 0.00000, 1.00000)
1:(-2.00, 0.00, -3.00):(0.00000, 0.00000, 0.00000, 1.00000)
1:(-2.00, 0.00, -2.50):(0.00000, 0.00000, 0.00000, 1.00000)
1:(-2.00, 0.00, -2.00):(0.00000, 0.00000, 0.00000, 1.00000)
1:(-2.00, 0.00, -1.50):(0.00000, 0.00000, 0.00000, 1.00000)
1:(-2.00, 0.00, -1.00):(0.00000, 0.00000, 0.00000, 1.00000)
1:(-2.00, 0.00, -0.50):(0.00000, 0.00000, 0.00000, 1.00000)
1:(-2.00, 0.00, 0.00):(0.00000, 0.00000, 0.00000, 1.00000)
1:(-2.00, 0.00, 0.50):(0.00000, 0.00000, 0.00000, 1.00000)
1:(-2.00, 0.00, 1.00):(0.00000, 0.00000, 0.00000, 1.00000)
1:(-2.00, 0.00, 1.50):(0.00000, 0.00000, 0.00000, 1.00000)
1:(-2.00, 0.00, 2.00):(0.00000, 0.00000, 0.00000, 1.00000)
1:(-2.00, 0.00, 2.50):(0.00000, 0.00000, 0.00000, 1.00000)
1:(-2.00, 0.00, 3.00):(0.00000, 0.00000, 0.00000, 1.00000)
1:(-1.50, 0.00, -4.00):(0.00000, 0.00000, 0.00000, 1.00000)
1:(-1.50, 0.00, -3.50):(0.00000, 0.00000, 0.00000, 1.00000)
1:(-1.50, 0.00, -3.00):(0.00000, 0.00000, 0.00000, 1.00000)
1:(-1.50, 0.00, -2.50):(0.00000, 0.00000, 0.00000, 1.00000)
1:(-1.50, 0.00, -2.00):(0.00000, 0.00000, 0.00000, 1.00000)
1:(-1.50, 0.00, -1.50):(0.00000, 0.00000, 0.00000, 1.00000)
1:(-1.50, 0.00, -1.00):(0.00000, 0.00000, 0.00000, 1.00000)
1:(-1.50, 0.00, -0.50):(0.00000, 0.00000, 0.00000, 1.00000)
1:(-1.50, 0.00, 0.00):(0.00000, 0.00000, 0.00000, 1.00000)
1:(-1.50, 0.00, 0.50):(0.00000, 0.00000, 0.00000, 1.00000)
1:(-1.50, 0.00, 1.00):(0.00000, 0.00000, 0.00000, 1.00000)
1:(-1.50, 0.00, 1.50):(0.00000, 0.00000, 0.00000, 1.00000)
1:(-1.50, 0.00, 2.00):(0.00000, 0.00000, 0.00000, 1.00000)
1:(-1.50, 0.00, 2.50):(0.00000, 0.00000, 0.00000, 1.00000)
1:(-1.50, 0.00, 3.00):(0.00000, 0.00000, 0.00000, 1.00000)
1:(-1.00, 0.00, -4.00):(0.00000, 0.00000, 0.00000, 1.00000)
1:(-1.00, 0.00, -3.50):(0.00000, 0.00000, 0.00000, 1.00000)
1:(-1.00, 0.00, -3.00):(0.00000, 0.00000, 0.00000, 1.00000)
1:(-1.00, 0.00, -2.50):(0.00000, 0.00000, 0.00000, 1.00000)
1:(-1.00, 0.00, -2.00):(0.00000, 0.00000, 0.00000, 1.00000)
1:(-1.00, 0.00, -1.50):(0.00000, 0.00000, 0.00000, 1.00000)
1:(-1.00, 0.00, -1.00):(0.00000, 0.00000, 0.00000, 1.00000)
1:(-1.00, 0.00, -0.50):(0.00000, 0.00000, 0.00000, 1.00000)
1:(-1.00, 0.00, 0.00):(0.00000, 0.00000, 0.00000, 1.00000)
1:(-1.00, 0.00, 0.50):(0.00000, 0.00000, 0.00000, 1.00000)
1:(-1.00, 0.00, 1.00):(0.00000, 0.00000, 0.00000, 1.00000)
1:(-1.00, 0.00, 1.50):(0.00000, 0.00000, 0.00000, 1.00000)
1:(-1.00, 0.00, 2.00):(0.00000, 0.00000, 0.00000, 1.00000)
1:(-1.00, 0.00, 2.50):(0.00000, 0.00000, 0.00000, 1.00000)
1:(-1.00, 0.00, 3.00):(0.00000, 0.00000, 0.00000, 1.00000)
1:(-0.50, 0.00, -4.00):(0.00000, 0.00000, 0.00000, 1.00000)
1:(-0.50, 0.00, -3.50):(0.00000, 0.00000, 0.00000, 1.00000)
1:(-0.50, 0.00, -3.00):(0.00000, 0.00000, 0.00000, 1.00000)
1:(-0.50, 0.00, -2.50):(0.00000, 0.00000, 0.00000, 1.00000)
1:(-0.50, 0.00, -2.00):(0.00000, 0.00000, 0.00000, 1.00000)
1:(-0.50, 0.00, -1.50):(0.00000, 0.00000, 0.00000, 1.00000)
1:(-0.50, 0.00, -1.00):(0.00000, 0.00000, 0.00000, 1.00000)
1:(-0.50, 0.00, -0.50):(0.00000, 0.00000, 0.00000, 1.00000)
1:(-0.50, 0.00, 0.00):(0.00000, 0.00000, 0.00000, 1.00000)
1:(-0.50, 0.00, 0.50):(0.00000, 0.00000, 0.00000, 1.00000)
1:(-0.50, 0.00, 1.00):(0.00000, 0.00000, 0.00000, 1.00000)
1:(-0.50, 0.00, 1.50):(0.00000, 0.00000, 0.00000, 1.00000)
1:(-0.50, 0.00, 2.00):(0.00000, 0.00000, 0.00000, 1.00000)
1:(-0.50, 0.00, 2.50):(0.00000, 0.00000, 0.00000, 1.00000)
1:(-0.50, 0.00, 3.00):(0.00000, 0.00000, 0.00000, 1.00000)
1:(0.00, 0.00, -4.00):(0.00000, 0.00000, 0.00000, 1.00000)
1:(0.00, 0.00, -3.50):(0.00000, 0.00000, 0.00000, 1.00000)
1:(0.00, 0.00, -3.00):(0.00000, 0.00000, 0.00000, 1.00000)
1:(0.00, 0.00, -2.50):(0.00000, 0.00000, 0.00000, 1.00000)
1:(0.00, 0.00, -2.00):(0.00000, 0.00000, 0.00000, 1.00000)
1:(0.00, 0.00, -1.50):(0.00000, 0.00000, 0.00000, 1.00000)
1:(0.00, 0.00, -1.00):(0.00000, 0.00000, 0.00000, 1.00000)
1:(0.00, 0.00, -0.50):(0.00000, 0.00000, 0.00000, 1.00000)
1:(0.00, 0.00, 0.00):(0.00000, 0.00000, 0.00000, 1.00000)
1:(0.00, 0.00, 0.50):(0.00000, 0.00000, 0.00000, 1.00000)
1:(0.00, 0.00, 1.00):(0.00000, 0.00000, 0.00000, 1.00000)
1:(0.00, 0.00, 1.50):(0.00000, 0.00000, 0.00000, 1.00000)
1:(0.00, 0.00, 2.00):(0.00000, 0.00000, 0.00000, 1.00000)
1:(0.00, 0.00, 2.50):(0.00000, 0.00000, 0.00000, 1.00000)
1:(0.00, 0.00, 3.00):(0.00000, 0.00000, 0.00000, 1.00000)
1:(0.50, 0.00, -4.00):(0.00000, 0.00000, 0.00000, 1.00000)
1:(0.50, 0.00, -3.50):(0.00000, 0.00000, 0.00000, 1.00000)
1:(0.50, 0.00, -3.00):(0.00000, 0.00000, 0.00000, 1.00000)
1:(0.50, 0.00, -2.50):(0.00000, 0.00000, 0.00000, 1.00000)
1:(0.50, 0.00, -2.00):(0.00000, 0.00000, 0.00000, 1.00000)
1:(0.50, 0.00, -1.50):(0.00000, 0.00000, 0.00000, 1.00000)
1:(0.50, 0.00, -1.00):(0.00000, 0.00000, 0.00000, 1.00000)
1:(0.50, 0.00, -0.50):(0.00000, 0.00000, 0.00000, 1.00000)
1:(0.50, 0.00, 0.00):(0.00000, 0.00000, 0.00000, 1.00000)
1:(0.50, 0.00, 0.50):(0.00000, 0.00000, 0.00000, 1.00000)
1:(0.50, 0.00, 1.00):(0.00000, 0.00000, 0.00000, 1.00000)
1:(0.50, 0.00, 1.50):(0.00000, 0.00000, 0.00000, 1.00000)
1:(0.50, 0.00, 2.00):(0.00000, 0.00000, 0.00000, 1.00000)
1:(0.50, 0.00, 2.50):(0.00000, 0.00000, 0.00000, 1.00000)
1:(0.50, 0.00, 3.00):(0.00000, 0.00000, 0.00000, 1.00000)
1:(1.00, 0.00, -4.00):(0.00000, 0.00000, 0.00000, 1.00000)
1:(1.00, 0.00, -3.50):(0.00000, 0.00000, 0.00000, 1.00000)
1:(1.00, 0.00, -3.00):(0.00000, 0.00000, 0.00000, 1.00000)
1:(1.00, 0.00, -2.50):(0.00000, 0.00000, 0.00000, 1.00000)
1:(1.00, 0.00, -2.00):(0.00000, 0.00000, 0.00000, 1.00000)
1:(1.00, 0.00, -1.50):(0.00000, 0.00000, 0.00000, 1.00000)
1:(1.00, 0.00, -1.00):(0.00000, 0.00000, 0.00000, 1.00000)
1:(1.00, 0.00, -0.50):(0.00000, 0.00000, 0.00000, 1.00000)
1:(1.00, 0.00, 0.00):(0.00000, 0.00000, 0.00000, 1.00000)
1:(1.00, 0.00, 0.50):(0.00000, 0.00000, 0.00000, 1.00000)
1:(1.00, 0.00, 1.00):(0.00000, 0.00000, 0.00000, 1.00000)
1:(1.00, 0.00, 1.50):(0.00000, 0.00000, 0.00000, 1.00000)
1:(1.00, 0.00, 2.00):(0.00000, 0.00000, 0.00000, 1.00000)
1:(1.00, 0.00, 2.50):(0.00000, 0.00000, 0.00000, 1.00000)
1:(1.00, 0.00, 3.00):(0.00000, 0.00000, 0.00000, 1.00000)
1:(1.50, 0.00, -4.00):(0.00000, 0.00000, 0.00000, 1.00000)
1:(1.50, 0.00, -3.50):(0.00000, 0.00000, 0.00000, 1.00000)
1:(1.50, 0.00, -3.00):(0.00000, 0.00000, 0.00000, 1.00000)
1:(1.50, 0.00, -2.50):(0.00000, 0.00000, 0.00000, 1.00000)
1:(1.50, 0.00, -2.00):(0.00000, 0.00000, 0.00000, 1.00000)
1:(1.50, 0.00, -1.50):(0.00000, 0.00000, 0.00000, 1.00000)
1:(1.50, 0.00, -1.00):(0.00000, 0.00000, 0.00000, 1.00000)
1:(1.50, 0.00, -0.50):(0.00000, 0.00000, 0.00000, 1.00000)
1:(1.50, 0.00, 0.00):(0.00000, 0.00000, 0.00000, 1.00000)
1:(1.50, 0.00, 0.50):(0.00000, 0.00000, 0.00000, 1.00000)
1:(1.50, 0.00, 1.00):(0.00000, 0.00000, 0.00000, 1.00000)
1:(1.50, 0.00, 1.50):(0.00000, 0.00000, 0.00000, 1.00000)
1:(1.50, 0.00, 2.00):(0.00000, 0.00000, 0.00000, 1.00000)
1:(1.50, 0.00, 2.50):(0.00000, 0.00000, 0.00000, 1.00000)
1:(1.50, 0.00, 3.00):(0.00000, 0.00000, 0.00000, 1.00000)
1:(2.00, 0.00, -4.00):(0.00000, 0.00000, 0.00000, 1.00000)
1:(2.00, 0.00, -3.50):(0.00000, 0.00000, 0.00000, 1.00000)
1:(2.00, 0.00, -3.00):(0.00000, 0.00000, 0.00000, 1.00000)
1:(2.00, 0.00, -2.50):(0.00000, 0.00000, 0.00000, 1.00000)
1:(2.00, 0.00, -2.00):(0.00000, 0.00000, 0.00000, 1.00000)
1:(2.00, 0.00, -1.50):(0.00000, 0.00000, 0.00000, 1.00000)
1:(2.00, 0.00, -1.00):(0.00000, 0.00000, 0.00000, 1.00000)
1:(2.00, 0.00, -0.50):(0.00000, 0.00000, 0.00000, 1.00000)
1:(2.00, 0.00, 0.00):(0.00000, 0.00000, 0.00000, 1.00000)
1:(2.00, 0.00, 0.50):(0.00000, 0.00000, 0.00000, 1.00000)
1:(2.00, 0.00, 1.00):(0.00000, 0.00000, 0.00000, 1.00000)
1:(2.00, 0.00, 1.50):(0.00000, 0.00000, 0.00000, 1.00000)
1:(2.00, 0.00, 2.00):(0.00000, 0.00000, 0.00000, 1.00000)
1:(2.00, 0.00, 2.50):(0.00000, 0.00000, 0.00000, 1.00000)
1:(2.00, 0.00, 3.00):(0.00000, 0.00000, 0.00000, 1.00000)
1:(2.50, 0.00, -4.00):(0.00000, 0.00000, 0.00000, 1.00000)
1:(2.50, 0.00, -3.50):(0.00000, 0.00000, 0.00000, 1.00000)
1:(2.50, 0.00, -3.00):(0.00000, 0.00000, 0.00000, 1.00000)
1:(2.50, 0.00, -2.50):(0.00000, 0.00000, 0.00000, 1.00000)
1:(2.50, 0.00, -2.00):(0.00000, 0.00000, 0.00000, 1.00000)
1:(2.50, 0.00, -1.50):(0.00000, 0.00000, 0.00000, 1.00000)
1:(2.50, 0.00, -1.00):(0.00000, 0.00000, 0.00000, 1.00000)
1:(2.50, 0.00, -0.50):(0.00000, 0.00000, 0.00000, 1.00000)
1:(2.50, 0.00, 0.00):(0.00000, 0.00000, 0.00000, 1.00000)
1:(2.50, 0.00, 0.50):(0.00000, 0.00000, 0.00000, 1.00000)
1:(2.50, 0.00, 1.00):(0.00000, 0.00000, 0.00000, 1.00000)
1:(2.50, 0.00, 1.50):(0.00000, 0.00000, 0.00000, 1.00000)
1:(2.50, 0.00, 2.00):(0.00000, 0.00000, 0.00000, 1.00000)
1:(2.50, 0.00, 2.50):(0.00000, 0.00000, 0.00000, 1.00000)
1:(2.50, 0.00, 3.00):(0.00000, 0.00000, 0.00000, 1.00000)
1:(3.00, 0.00, -4.00):(0.00000, 0.00000, 0.00000, 1.00000)
1:(3.00, 0.00, -3.50):(0.00000, 0.00000, 0.00000, 1.00000)
1:(3.00, 0.00, -3.00):(0.00000, 0.00000, 0.00000, 1.00000)
1:(3.00, 0.00, -2.50):(0.00000, 0.00000, 0.00000, 1.00000)
1:(3.00, 0.00, -2.00):(0.00000, 0.00000, 0.00000, 1.00000)
1:(3.00, 0.00, -1.50):(0.00000, 0.00000, 0.00000, 1.00000)
1:(3.00, 0.00, -1.00):(0.00000, 0.00000, 0.00000, 1.00000)
1:(3.00, 0.00, -0.50):(0.00000, 0.00000, 0.00000, 1.00000)
1:(3.00, 0.00, 0.00):(0.00000, 0.00000, 0.00000, 1.00000)
1:(3.00, 0.00, 0.50):(0.00000, 0.00000, 0.00000, 1.00000)
1:(3.00, 0.00, 1.00):(0.00000, 0.00000, 0.00000, 1.00000)
1:(3.00, 0.00, 1.50):(0.00000, 0.00000, 0.00000, 1.00000)
1:(3.00, 0.00, 2.00):(0.00000, 0.00000, 0.00000, 1.00000)
1:(3.00, 0.00, 2.50):(0.00000, 0.00000, 0.00000, 1.00000)
1:(3.00, 0.00, 3.00):(0.00000, 0.00000, 0.00000, 1.00000)
1:(3.50, 0.00, -4.00):(0.00000, 0.00000, 0.00000, 1.00000)
1:(3.50, 0.00, -3.50):(0.00000, 0.00000, 0.00000, 1.00000)
1:(3.50, 0.00, -3.00):(0.00000, 0.00000, 0.00000, 1.00000)
1:(3.50, 0.00, -2.50):(0.00000, 0.00000, 0.00000, 1.00000)
1:(3.50, 0.00, -2.00):(0.00000, 0.00000, 0.00000, 1.00000)
1:(3.50, 0.00, -1.50):(0.00000, 0.00000, 0.00000, 1.00000)
1:(3.50, 0.00, -1.00):(0.00000, 0.00000, 0.00000, 1.00000)
1:(3.50, 0.00, -0.50):(0.00000, 0.00000, 0.00000, 1.00000)
1:(3.50, 0.00, 0.00):(0.00000, 0.00000, 0.00000, 1.00000)
1:(3.50, 0.00, 0.50):(0.00000, 0.00000, 0.00000, 1.00000)
1:(3.50, 0.00, 1.00):(0.00000, 0.00000, 0.00000, 1.00000)
1:(3.50, 0.00, 1.50):(0.00000, 0.00000, 0.00000, 1.00000)
1:(3.50, 0.00, 2.00):(0.00000, 0.00000, 0.00000, 1.00000)
1:(3.50, 0.00, 2.50):(0.00000, 0.00000, 0.00000, 1.00000)
1:(3.50, 0.00, 3.00):(0.00000, 0.00000, 0.00000, 1.00000)
3:(4.00, 0.00, 3.50):(0.00000, 1.00000, 0.00000, 0.00000)
0:(2.50, 0.00, 3.50):(0.00000, 0.00000, 0.00000, 1.00000)
2:(-4.00, 0.00, 3.50):(0.00000, 0.00000, 0.00000, 1.00000)
0:(2.50, 0.00, 3.50):(0.00000, 1.00000, 0.00000, 0.00000)
0:(2.00, 0.00, 3.50):(0.00000, 1.00000, 0.00000, 0.00000)
0:(1.50, 0.00, 3.50):(0.00000, 1.00000, 0.00000, 0.00000)
0:(1.00, 0.00, 3.50):(0.00000, 1.00000, 0.00000, 0.00000)
2:(-0.50, 0.00, 3.50):(0.00000, 0.00000, 0.00000, 1.00000)
2:(3.00, 0.00, -4.50):(0.00000, 0.00000, 0.00000, 1.00000)
0:(-0.50, 0.00, 3.50):(0.00000, 1.00000, 0.00000, 0.00000)
0:(-1.00, 0.00, 3.50):(0.00000, 1.00000, 0.00000, 0.00000)
0:(-1.50, 0.00, 3.50):(0.00000, 1.00000, 0.00000, 0.00000)
0:(-2.00, 0.00, 3.50):(0.00000, 1.00000, 0.00000, 0.00000)
0:(-2.50, 0.00, 3.50):(0.00000, 1.00000, 0.00000, 0.00000)
2:(4.00, 0.00, -4.50):(0.00000, -0.70711, 0.00000, 0.70711)
2:(4.00, 0.00, 2.50):(0.00000, -0.70711, 0.00000, 0.70711)
0:(-4.00, 0.00, 3.50):(0.00000, 0.70711, 0.00000, 0.70711)
0:(-4.00, 0.00, 3.00):(0.00000, 0.70711, 0.00000, 0.70711)
0:(-4.00, 0.00, 2.50):(0.00000, 0.70711, 0.00000, 0.70711)
0:(-4.00, 0.00, 2.00):(0.00000, 0.70711, 0.00000, 0.70711)
0:(-4.00, 0.00, 1.50):(0.00000, 0.70711, 0.00000, 0.70711)
2:(-4.00, 0.00, 0.00):(0.00000, -0.70711, 0.00000, 0.70711)
2:(-3.00, 0.00, -4.50):(0.00000, -1.00000, 0.00000, 0.00000)
0:(-4.00, 0.00, 0.00):(0.00000, 0.70711, 0.00000, 0.70711)
0:(-4.00, 0.00, -0.50):(0.00000, 0.70711, 0.00000, 0.70711)
0:(-4.00, 0.00, -1.00):(0.00000, 0.70711, 0.00000, 0.70711)
2:(-4.00, 0.00, -2.50):(0.00000, -0.70711, 0.00000, 0.70711)
2:(4.00, 0.00, -1.00):(0.00000, -0.70711, 0.00000, 0.70711)
0:(-4.00, 0.00, -2.50):(0.00000, 0.70711, 0.00000, 0.70711)
0:(-4.00, 0.00, -3.00):(0.00000, 0.70711, 0.00000, 0.70711)
0:(-4.00, 0.00, -3.50):(0.00000, 0.70711, 0.00000, 0.70711)
0:(-4.00, 0.00, -4.00):(0.00000, 0.70711, 0.00000, 0.70711)
0:(-3.00, 0.00, -4.50):(0.00000, 0.00000, 0.00000, 1.00000)
0:(-2.50, 0.00, -4.50):(0.00000, 0.00000, 0.00000, 1.00000)
0:(-2.00, 0.00, -4.50):(0.00000, 0.00000, 0.00000, 1.00000)
0:(-1.50, 0.00, -4.50):(0.00000, 0.00000, 0.00000, 1.00000)
0:(-1.00, 0.00, -4.50):(0.00000, 0.00000, 0.00000, 1.00000)
0:(-0.50, 0.00, -4.50):(0.00000, 0.00000, 0.00000, 1.00000)
0:(0.00, 0.00, -4.50):(0.00000, 0.00000, 0.00000, 1.00000)
0:(0.50, 0.00, -4.50):(0.00000, 0.00000, 0.00000, 1.00000)
0:(1.00, 0.00, -4.50):(0.00000, 0.00000, 0.00000, 1.00000)
0:(1.50, 0.00, -4.50):(0.00000, 0.00000, 0.00000, 1.00000)
0:(2.00, 0.00, -4.50):(0.00000, 0.00000, 0.00000, 1.00000)
0:(2.50, 0.00, -4.50):(0.00000, 0.00000, 0.00000, 1.00000)
0:(4.00, 0.00, -3.50):(0.00000, -0.70711, 0.00000, 0.70711)
0:(4.00, 0.00, -3.00):(0.00000, -0.70711, 0.00000, 0.70711)
0:(4.00, 0.00, -2.50):(0.00000, -0.70711, 0.00000, 0.70711)
0:(4.00, 0.00, -2.00):(0.00000, -0.70711, 0.00000, 0.70711)
0:(4.00, 0.00, -1.50):(0.00000, -0.70711, 0.00000, 0.70711)
0:(4.00, 0.00, 0.00):(0.00000, -0.70711, 0.00000, 0.70711)
0:(4.00, 0.00, 0.50):(0.00000, -0.70711, 0.00000, 0.70711)
0:(4.00, 0.00, 1.00):(0.00000, -0.70711, 0.00000, 0.70711)
0:(4.00, 0.00, 1.50):(0.00000, -0.70711, 0.00000, 0.70711)
0:(4.00, 0.00, 2.00):(0.00000, -0.70711, 0.00000, 0.70711)
99:(3.50, 0.00, 3.00):(0.00006, -0.99768, 0.06802, 0.00087)
21:(-2.50, 0.00, 3.00):(0.00000, 0.00000, 0.00000, 1.00000)
15:(1.50, 0.00, 3.50):(0.00000, 1.00000, 0.00000, 0.00000)
15:(2.50, 0.00, 3.50):(0.00000, 1.00000, 0.00000, 0.00000)
10:(-4.00, 0.00, -1.00):(0.00000, 0.70711, 0.00000, -0.70711)
18:(-4.00, 0.00, -1.00):(0.00000, 0.70711, 0.00000, 0.70711)
18:(-4.00, 0.00, 0.00):(0.00000, 0.70711, 0.00000, 0.70711)
13:(-2.00, 0.00, -3.00):(0.00000, 1.00000, 0.00000, 0.00000)
32:(-2.50, 0.00, -4.00):(0.00000, 0.00000, 0.00000, 1.00000)
20:(2.50, 0.00, -4.50):(0.00000, 0.00000, 0.00000, 1.00000)
28:(2.00, 0.00, -5.00):(0.00000, 0.00000, 0.00000, 1.00000)
19:(-3.50, 0.00, 2.00):(0.00000, 0.70711, 0.00000, -0.70711)
14:(-2.50, 0.00, 1.50):(0.00000, 0.00000, 0.00000, 1.00000)
14:(-2.00, 0.00, 1.50):(0.00000, 0.00000, 0.00000, 1.00000)
14:(-2.50, 0.00, 1.00):(0.00000, 0.00000, 0.00000, 1.00000)
14:(-2.00, 0.00, 1.00):(0.00000, 0.00000, 0.00000, 1.00000)
14:(-0.50, 0.00, 1.50):(0.00000, 0.00000, 0.00000, 1.00000)
14:(0.00, 0.00, 1.50):(0.00000, 0.00000, 0.00000, 1.00000)
14:(-0.50, 0.00, 1.00):(0.00000, 0.00000, 0.00000, 1.00000)
14:(0.00, 0.00, 1.00):(0.00000, 0.00000, 0.00000, 1.00000)
14:(-1.50, 0.00, 0.00):(0.00000, 0.00000, 0.00000, 1.00000)
14:(-1.00, 0.00, 0.00):(0.00000, 0.00000, 0.00000, 1.00000)
14:(-1.50, 0.00, -0.50):(0.00000, 0.00000, 0.00000, 1.00000)
14:(-1.00, 0.00, -0.50):(0.00000, 0.00000, 0.00000, 1.00000)
14:(0.50, 0.00, 0.00):(0.00000, 0.00000, 0.00000, 1.00000)
14:(1.00, 0.00, 0.00):(0.00000, 0.00000, 0.00000, 1.00000)
14:(0.50, 0.00, -0.50):(0.00000, 0.00000, 0.00000, 1.00000)
14:(1.00, 0.00, -0.50):(0.00000, 0.00000, 0.00000, 1.00000)
14:(-2.50, 0.00, -1.50):(0.00000, 0.00000, 0.00000, 1.00000)
14:(-2.00, 0.00, -1.50):(0.00000, 0.00000, 0.00000, 1.00000)
14:(-2.50, 0.00, -1.50):(0.00000, 0.70711, 0.00000, 0.70711)
14:(-2.00, 0.00, -1.50):(0.00000, 0.70711, 0.00000, 0.70711)
14:(0.00, 0.00, -1.00):(0.00000, 0.70711, 0.00000, 0.70711)
14:(0.50, 0.00, -1.00):(0.00000, 0.70711, 0.00000, 0.70711)
14:(0.00, 0.00, -1.50):(0.00000, 0.70711, 0.00000, 0.70711)
14:(0.50, 0.00, -1.50):(0.00000, 0.70711, 0.00000, 0.70711)
6:(-2.00, 0.00, -2.00):(0.00000, 1.00000, 0.00000, 0.00000)
6:(-1.50, 0.00, -2.00):(0.00000, 1.00000, 0.00000, 0.00000)
6:(-1.50, 0.00, -1.00):(0.00000, -0.70711, 0.00000, -0.70711)
6:(-2.50, 0.00, -1.50):(0.00000, -0.70711, 0.00000, 0.70711)
6:(-1.50, 0.00, -1.00):(0.00000, 0.00000, 0.00000, 1.00000)
6:(-1.00, 0.00, -1.00):(0.00000, 0.00000, 0.00000, 1.00000)
6:(-1.50, 0.00, 1.00):(0.00000, 1.00000, 0.00000, 0.00000)
6:(-2.00, 0.00, 1.00):(0.00000, 1.00000, 0.00000, 0.00000)
6:(-2.50, 0.00, 1.50):(0.00000, 0.70711, 0.00000, -0.70711)
6:(-1.50, 0.00, 2.00):(0.00000, -0.70711, 0.00000, -0.70711)
6:(-0.50, 0.00, 0.50):(0.00000, -0.70711, 0.00000, -0.70711)
6:(-1.50, 0.00, 0.00):(0.00000, -0.70711, 0.00000, 0.70711)
6:(-0.50, 0.00, 0.50):(0.00000, 0.00000, 0.00000, 1.00000)
6:(0.00, 0.00, 0.50):(0.00000, 0.00000, 0.00000, 1.00000)
6:(-0.50, 0.00, 1.50):(0.00000, 0.70711, 0.00000, -0.70711)
6:(0.50, 0.00, 2.00):(0.00000, -0.70711, 0.00000, -0.70711)
6:(0.50, 0.00, 0.00):(0.00000, -0.70711, 0.00000, 0.70711)
6:(1.50, 0.00, 0.50):(0.00000, 0.70711, 0.00000, 0.70711)
6:(1.00, 0.00, -0.50):(0.00000, -1.00000, 0.00000, 0.00000)
6:(1.50, 0.00, -0.50):(0.00000, 1.00000, 0.00000, 0.00000)
6:(0.00, 0.00, -1.50):(0.00000, 0.70711, 0.00000, -0.70711)
6:(1.00, 0.00, -1.00):(0.00000, -0.70711, 0.00000, -0.70711)
6:(0.50, 0.00, -2.00):(0.00000, -1.00000, 0.00000, 0.00000)
6:(1.00, 0.00, -2.00):(0.00000, -1.00000, 0.00000, 0.00000)
32:(-3.00, 0.00, 3.00):(0.00000, 0.00000, 0.00000, 1.00000)
16:(0.00, 0.00, -4.00):(0.00000, 0.00000, 0.00000, 1.00000)
25:(3.50, 0.00, -4.50):(0.00000, 0.00000, 0.00000, 1.00000)
25:(3.00, 0.00, -3.50):(0.00000, 0.00000, 0.00000, 1.00000)
25:(3.00, 0.00, -3.50):(0.00000, 1.00000, 0.00000, 0.00000)
32:(0.50, 0.00, -3.00):(0.00000, 0.00000, 0.00000, 1.00000)
32:(0.00, 0.00, -3.00):(0.00000, 0.00000, 0.00000, 1.00000)
32:(1.00, 0.00, -3.50):(0.00000, 0.00000, 0.00000, 1.00000)
32:(-0.50, 0.00, -3.50):(0.00000, 0.00000, 0.00000, 1.00000)
32:(0.00, 0.00, -4.50):(0.00000, 0.00000, 0.00000, 1.00000)
17:(0.00, 0.00, -4.00):(0.00000, 1.00000, 0.00000, 0.00000)
24:(-3.50, 0.00, 3.00):(0.00000, 0.00000, 0.00000, 1.00000)
24:(-3.00, 0.00, -5.00):(0.00000, 0.00000, 0.00000, 1.00000)
29:(-4.00, 0.00, 1.00):(0.00000, 0.70711, 0.00000, -0.70711)
26:(2.50, 0.00, 3.00):(0.00000, 0.00000, 0.00000, 1.00000)
